# "Wavelength (A)" "Eff. trans."
5497.6 0.0011160896943761113
5498.3 0.0011218183625089522
5499.0 0.001170358393665202
5499.700000000001 0.0011583627218772366
5500.4 0.001095647622887015
5501.2 0.0011681845643159961
5501.900000000001 0.0012099079593942098
5502.6 0.001120741956545186
5503.3 0.001130015652715868
5504.0 0.001160286343632986
5504.700000000001 0.0011600160698282856
5505.4 0.0011272958184974878
5506.1 0.0011226624437812725
5506.900000000001 0.0011962914388855416
5507.6 0.0011532088039106778
5508.3 0.0011613932555828508
5509.0 0.0011289520384514396
5509.700000000001 0.0011864999536047324
5510.4 0.0011513314352751857
5511.1 0.0011682481097494738
5511.799999999999 0.001157349401267914
5512.5 0.0011679941879315986
5513.3 0.0012130016057601198
5514.0 0.0011680143077400153
5514.700000000001 0.0012482009014932302
5515.4 0.0012323935364612995
5516.1 0.001219858508705429
5516.799999999999 0.001212232206084847
5517.5 0.001123062396405756
5518.200000000001 0.0012171607005878082
5518.9 0.0012310794458249015
5519.6 0.0011997257450433408
5520.4 0.0012564644878456795
5521.1 0.0012458380540675523
5521.799999999999 0.0013061222412635918
5522.5 0.001268222434728658
5523.200000000001 0.0013298714616421794
5523.9 0.00121478570548918
5524.6 0.0012608889663150143
5525.299999999999 0.0013037200307927017
5526.0 0.0013427333260655535
5526.7 0.0012903762794629877
5527.5 0.001316026789055815
5528.200000000001 0.0013062182275784865
5528.9 0.0013247761375190454
5529.6 0.0013414250379011042
5530.299999999999 0.0013946241040194733
5531.0 0.0013755419288963642
5531.7 0.0013957375808568116
5532.4 0.0013613801549427443
5533.099999999999 0.0013938506315275064
5533.8 0.0013944073765228115
5534.5 0.0014421539610534188
5535.299999999999 0.0013344206500405162
5536.0 0.0014326315572448449
5536.7 0.0014566477528109795
5537.4 0.0014863927702820207
5538.099999999999 0.0015183205445551014
5538.8 0.0014405884358202282
5539.5 0.001512889163320859
5540.2 0.001540180465239964
5540.900000000001 0.0015914780451581879
5541.599999999999 0.0015317485491679974
5542.3 0.0015590406600133244
5543.0 0.0016212516359202286
5543.8 0.001589894213389065
5544.5 0.0016720212661739038
5545.2 0.0016540294337882386
5545.900000000001 0.001694418500087045
5546.599999999999 0.0017067086326144716
5547.3 0.001710814552208754
5548.0 0.0017220137501015005
5548.7 0.0017932331006985291
5549.400000000001 0.0017545070344597456
5550.1 0.0017908065175279732
5550.8 0.0018448401850299646
5551.5 0.0018576778696683274
5552.200000000001 0.0018440483592726052
5552.9 0.001898351977688326
5553.7 0.0019883987635188204
5554.400000000001 0.0019570341599435058
5555.1 0.002012703556316132
5555.8 0.0019589661414593225
5556.5 0.00203564470791368
5557.200000000001 0.0021098685847938496
5557.9 0.002042215909514075
5558.6 0.0021620053898486276
5559.299999999999 0.0021756598221693304
5560.0 0.002240609412314958
5560.700000000001 0.002291371676681514
5561.4 0.002294385966314067
5562.1 0.002315954116446469
5562.799999999999 0.0023888186736730275
5563.5 0.00236973243330327
5564.2 0.002434958177462696
5565.0 0.0025708565838190615
5565.700000000001 0.0026557300537675974
5566.4 0.002655472205183467
5567.1 0.00277581909549946
5567.799999999999 0.002811852694731326
5568.5 0.002750474077552439
5569.2 0.0028560887792216535
5569.9 0.0029682534964714877
5570.599999999999 0.003007290557674918
5571.3 0.003130372223582195
5572.0 0.003138848955240171
5572.7 0.0032406486035392802
5573.400000000001 0.0032747763309822447
5574.099999999999 0.0034025011967889337
5574.8 0.0034674654804999427
5575.5 0.0036077453548611516
5576.2 0.0036937234047308134
5576.900000000001 0.00378215837324994
5577.6 0.003922169519588555
5578.3 0.004009515234098091
5579.0 0.004132064439494801
5579.700000000001 0.004217229213765924
5580.4 0.004311673234612794
5581.2 0.004502998708338972
5581.900000000001 0.004614356758371278
5582.6 0.004744503787723179
5583.3 0.004969888457151908
5584.0 0.005100032476546564
5584.700000000001 0.005165773608693262
5585.4 0.005479022485026768
5586.1 0.005598519571767234
5586.799999999999 0.0057720465615203175
5587.5 0.0060285282457743635
5588.200000000001 0.00617885650726869
5588.9 0.006442428581057313
5589.6 0.006638869877812789
5590.299999999999 0.006873512108399264
5591.0 0.007101875892655184
5591.7 0.0074238335224532616
5592.4 0.007698580884349837
5593.099999999999 0.00799733831358397
5593.8 0.00826580415651308
5594.5 0.008634137622347104
5595.2 0.009014473688012075
5595.900000000001 0.009293221309274869
5596.599999999999 0.009639893212717599
5597.3 0.009978915130375568
5598.0 0.010312197361987718
5598.7 0.010861293405921582
5599.400000000001 0.011320061953601529
5600.1 0.011739528171046492
5600.8 0.012179445067216072
5601.5 0.0127855046313854
5602.200000000001 0.013337526541699122
5602.9 0.01390781182081365
5603.6 0.014520640773687326
5604.299999999999 0.015141363754222429
5605.0 0.01579917145742162
5605.700000000001 0.01654344079775447
5606.4 0.017381806590549446
5607.1 0.01810475311151517
5607.799999999999 0.01885932331157321
5608.5 0.01989021182968522
5609.2 0.0209319822058957
5609.9 0.021984906754116518
5610.599999999999 0.022925141978042837
5611.3 0.023905448449238934
5612.0 0.02513640603792297
5612.7 0.02644943193746576
5613.400000000001 0.027800334466418844
5614.099999999999 0.029147652115062525
5614.8 0.030585486673247866
5615.5 0.03233258327899542
5616.2 0.034040080661860955
5616.900000000001 0.03578925900972132
5617.6 0.037739125472631134
5618.3 0.03961093241421427
5619.0 0.0415694150085533
5619.700000000001 0.04391539161319474
5620.4 0.04640966396885948
5621.1 0.04864859566462938
5621.799999999999 0.051230270587154354
5622.5 0.05421685294727285
5623.200000000001 0.057111172763534584
5623.9 0.060120491522517645
5624.6 0.0635895012176754
5625.299999999999 0.06720021449150314
5626.0 0.07079964306918464
5626.7 0.07476328363231874
5627.4 0.07884379279194588
5628.099999999999 0.08313605939106135
5628.8 0.08782276966165191
5629.5 0.09269449153916315
5630.2 0.09774003746635446
5630.900000000001 0.10343356939715932
5631.599999999999 0.10885045576455094
5632.3 0.11470507782736787
5633.0 0.12111029626181434
5633.7 0.1279821103643569
5634.400000000001 0.13502113217061346
5635.1 0.14191981166184597
5635.8 0.1493949264351073
5636.5 0.1573518466906063
5637.1 0.16567965896658224
5637.799999999999 0.17479044272998243
5638.5 0.18386088763721847
5639.2 0.19300853017671946
5639.9 0.20258556909472134
5640.599999999999 0.21226097135034
5641.3 0.223791412637038
5642.0 0.23428475842161353
5642.7 0.24485080750871951
5643.400000000001 0.2568443455658094
5644.099999999999 0.2695110472313831
5644.8 0.2818273246164327
5645.5 0.2934224870081347
5646.2 0.3071806878773208
5646.900000000001 0.3204039151337401
5647.6 0.33444003427496477
5648.3 0.348034131821429
5649.0 0.3631080278041782
5649.700000000001 0.37705577612989855
5650.4 0.391881203536817
5651.1 0.40734088481056213
5651.799999999999 0.42277933299630144
5652.4 0.43866854148346124
5653.099999999999 0.45354729392206905
5653.8 0.46880953388347046
5654.5 0.4849904727589213
5655.2 0.4993619047683532
5655.900000000001 0.5148504231389726
5656.599999999999 0.5301918114823636
5657.3 0.5455713788434445
5658.0 0.5608030072450666
5658.7 0.5757104009884433
5659.400000000001 0.5883297505360726
5660.1 0.6026337168713792
5660.8 0.6147181285846989
5661.5 0.6287958324567094
5662.200000000001 0.6386655753869463
5662.9 0.6509345918617874
5663.5 0.6614523144324539
5664.2 0.6703777857073813
5664.9 0.6831230151230254
5665.599999999999 0.6903202275537996
5666.3 0.6992681918108108
5667.0 0.7051530963543793
5667.7 0.7121169148881276
5668.400000000001 0.7183067982360122
5669.099999999999 0.7227935432096739
5669.8 0.7279494741804811
5670.5 0.7320921161601016
5671.2 0.7362735731682692
5671.799999999999 0.736794150093008
5672.5 0.7397474042817456
5673.200000000001 0.7433156340853003
5673.9 0.7440301466046053
5674.6 0.7448388813065567
5675.299999999999 0.7469258891649011
5676.0 0.7482731124887954
5676.7 0.7478386962925528
5677.4 0.7482287788999624
5678.099999999999 0.7491265820308209
5678.8 0.7500148531705861
5679.5 0.7506269299737229
5680.1 0.7472959154068491
5680.8 0.7485224864563278
5681.5 0.7479246383771226
5682.200000000001 0.7459986490714331
5682.9 0.7465463640778185
5683.6 0.7467930501472558
5684.299999999999 0.7451518334334045
5685.0 0.7454418260689638
5685.700000000001 0.7456906900412953
5686.4 0.7455353315684696
5687.0 0.7435513617670821
5687.7 0.7439889880620709
5688.400000000001 0.7445437450628154
5689.099999999999 0.7417205790768363
5689.8 0.745010696049537
5690.5 0.7430793289476617
5691.2 0.7425404279594169
5691.900000000001 0.7456235585150996
5692.6 0.744701401295076
5693.200000000001 0.7452724527718707
5693.9 0.7451737462140315
5694.6 0.7444016706300506
5695.299999999999 0.7463241618081392
5696.0 0.7483953954746692
5696.7 0.7479630064960398
5697.4 0.7498073478057478
5698.099999999999 0.7499557226868314
5698.7 0.7499498523587593
5699.400000000001 0.7513363052216416
5700.1 0.7531983859048597
5700.8 0.7539662241025656
5701.5 0.7576169471554113
5702.200000000001 0.7582728446163313
5702.9 0.7592398366098877
5703.6 0.7595473318463027
5704.2 0.7619362436158977
5704.9 0.7643080787049631
5705.599999999999 0.7661263881206689
5706.3 0.7685402029210182
5707.0 0.7669155035653926
5707.7 0.7704219898596025
5708.400000000001 0.772940176044602
5709.099999999999 0.7723236868690349
5709.700000000001 0.7761537770545153
5710.4 0.7800144780633508
5711.1 0.7794745552100731
5711.799999999999 0.7818002080318296
5712.5 0.7844767527463617
5713.200000000001 0.7863676519899517
5713.9 0.7895514776159855
5714.5 0.7903817788706299
5715.2 0.7949544509240992
5715.900000000001 0.7976741211790871
5716.599999999999 0.7987990312172624
5717.3 0.8011907297195506
5718.0 0.80184081773278
5718.7 0.8045515538854072
5719.299999999999 0.806357207850868
5720.0 0.8085064970878282
5720.700000000001 0.808385093495926
5721.4 0.8136390279398491
5722.1 0.8146588573976685
5722.799999999999 0.8177987657918206
5723.400000000001 0.8189169662167205
5724.099999999999 0.820257440885626
5724.8 0.8216147812628094
5725.5 0.8253293757517592
5726.2 0.8242056331990953
5726.900000000001 0.8278957185438914
5727.5 0.8307852384047992
5728.200000000001 0.8310760191024431
5728.9 0.8346384358588782
5729.6 0.8336916251671559
5730.299999999999 0.8353825238293272
5731.0 0.8380240681377072
5731.599999999999 0.8390591022362838
5732.3 0.8389163963249763
5733.0 0.84328016840991
5733.7 0.8414924551135989
5734.400000000001 0.84133501896603
5735.1 0.8457811625438085
5735.700000000001 0.8470228024132058
5736.4 0.8457243148769223
5737.1 0.848695632917461
5737.799999999999 0.8514064997119657
5738.5 0.8517117280195027
5739.099999999999 0.8524155961404446
5739.8 0.8524138513858862
5740.5 0.8531973293351809
5741.2 0.8558173163206492
5741.900000000001 0.8554647394252533
5742.6 0.8546777639799779
5743.200000000001 0.8567825420599862
5743.9 0.8547010910007029
5744.6 0.8584070479682048
5745.299999999999 0.8585776334845544
5746.0 0.8584045210016179
5746.599999999999 0.8607147749717396
5747.3 0.860817519424132
5748.0 0.8596051660146129
5748.7 0.8610954411910314
5749.400000000001 0.860887180230944
5750.0 0.8594582751814626
5750.700000000001 0.8589556547381495
5751.4 0.8619588818587252
5752.1 0.8602330003971774
5752.799999999999 0.861689955343671
5753.400000000001 0.8611858829021677
5754.099999999999 0.8591746808684195
5754.8 0.8627261770310543
5755.5 0.8622633133625474
5756.2 0.8619202710341772
5756.799999999999 0.8623436662180274
5757.5 0.8609759846553752
5758.200000000001 0.8602103684088336
5758.9 0.8588484549708533
5759.5 0.8611239530995198
5760.2 0.8611869168773499
5760.900000000001 0.8619153337400546
5761.599999999999 0.8590374118672155
5762.3 0.8589476483133095
5762.9 0.8571974760170642
5763.6 0.8612742813928185
5764.299999999999 0.8574958204477647
5765.0 0.859436895925344
5765.599999999999 0.8600933122981603
5766.3 0.8590726879769564
5767.0 0.859335501030828
5767.7 0.855429562468303
5768.400000000001 0.8556352347988948
5769.0 0.8572839961437423
5769.700000000001 0.8572941782451883
5770.4 0.8575686240300622
5771.1 0.8554236983253439
5771.7 0.8559998424462256
5772.4 0.8586069294028726
5773.099999999999 0.8574605995442138
5773.8 0.8562470308194009
5774.400000000001 0.8533520919983181
5775.1 0.8549932530807032
5775.8 0.8552805569017166
5776.5 0.8536039231949153
5777.1 0.8553760074207066
5777.799999999999 0.8522682223003978
5778.5 0.854389868659379
5779.2 0.8540542917125895
5779.8 0.8496370557732539
5780.5 0.8514347336616812
5781.2 0.8515584266201698
5781.900000000001 0.8500492528135756
5782.5 0.8538053603564247
5783.200000000001 0.8512260356900155
5783.9 0.8504129726936803
5784.6 0.8515047266572523
5785.2 0.8521938306352537
5785.900000000001 0.851562349114471
5786.599999999999 0.8488453067663364
5787.3 0.849241505756138
5787.9 0.8510320514231869
5788.6 0.8489833502919344
5789.299999999999 0.8498475082262095
5790.0 0.8477035383439746
5790.599999999999 0.8499674764975139
5791.3 0.848893368307185
5792.0 0.8496399173581792
5792.6 0.8478484833112927
5793.3 0.8490139869814668
5794.0 0.8474920792499404
5794.700000000001 0.8486472341795197
5795.299999999999 0.846845472070783
5796.0 0.8468760686301741
5796.7 0.8488748365952196
5797.3 0.8474433074493603
5798.0 0.8466689426004874
5798.7 0.8467550723887118
5799.400000000001 0.8461369669371961
5800.0 0.8467873943470711
5800.700000000001 0.8463590283069944
5801.4 0.8441255797837661
5802.0 0.8464575006909186
5802.7 0.8472369689390502
5803.400000000001 0.8453783753899425
5804.099999999999 0.8451511849274566
5804.700000000001 0.8460253666062515
5805.4 0.845565703432725
5806.1 0.8455192647786863
5806.7 0.8462273895354838
5807.4 0.8451356476484431
5808.099999999999 0.8453851062242929
5808.8 0.8438085595614554
5809.400000000001 0.8440710698913695
5810.1 0.8451608471189245
5810.8 0.8463262944397069
5811.4 0.8464426213986702
5812.1 0.8438017464280014
5812.799999999999 0.8449911439875627
5813.400000000001 0.8441539129346
5814.099999999999 0.8437408685463361
5814.8 0.8434696484427906
5815.4 0.8427705430553261
5816.1 0.8439185902705738
5816.799999999999 0.843709707712729
5817.5 0.843609083222201
5818.099999999999 0.8436304883161135
5818.8 0.8427222567471716
5819.5 0.8435952366525128
5820.1 0.8439329181459535
5820.8 0.843049482215486
5821.5 0.8416546465987014
5822.1 0.8442704353714452
5822.799999999999 0.8440154683007194
5823.5 0.8420956572046785
5824.099999999999 0.8455629536378915
5824.8 0.8425406401423795
5825.5 0.8430110069058934
5826.1 0.8392421043967946
5826.799999999999 0.8442560794787348
5827.5 0.8435382066811851
5828.099999999999 0.8423844795644628
5828.8 0.8420609800071273
5829.5 0.8438846672100446
5830.1 0.8438391157064765
5830.8 0.840202387888819
5831.5 0.842252173428771
5832.1 0.8408797487400875
5832.799999999999 0.8434103217138584
5833.5 0.8421333247032355
5834.099999999999 0.8444124933840472
5834.8 0.8431376895077196
5835.5 0.8430629254535762
5836.1 0.8409199766495123
5836.799999999999 0.8396365516453206
5837.4 0.8413452889176892
5838.099999999999 0.8401138581382331
5838.8 0.8414975646089599
5839.400000000001 0.8414476890806699
5840.1 0.8404679816279896
5840.8 0.840101034981285
5841.4 0.8400664118095038
5842.1 0.8408718689921281
5842.799999999999 0.8409690916663565
5843.400000000001 0.8406871452417816
5844.099999999999 0.8387968950633219
5844.8 0.8387578334431232
5845.4 0.8389318985729637
5846.1 0.8424984558621242
5846.7 0.8381364573213879
5847.4 0.8404498600079701
5848.099999999999 0.8385855877971933
5848.7 0.8389171597190855
5849.400000000001 0.837922403883912
5850.1 0.8392305052789876
5850.700000000001 0.8384265679952914
5851.4 0.8389963286348188
5852.0 0.838670101069759
5852.7 0.8403788325321255
5853.400000000001 0.8387737001767805
5854.0 0.839322584499078
5854.700000000001 0.8398272875379591
5855.299999999999 0.8373388051247447
5856.0 0.8398738313201133
5856.7 0.8399287125228907
5857.3 0.8369793028314115
5858.0 0.8377929149671844
5858.7 0.8363698369284404
5859.299999999999 0.8394273875091527
5860.0 0.8393983017376889
5860.599999999999 0.8391341722719319
5861.3 0.8387115191862783
5862.0 0.8381033794748804
5862.6 0.8382496958213554
5863.3 0.8399245926706289
5863.9 0.8381050189937885
5864.6 0.8383669636510064
5865.299999999999 0.8378363708181494
5865.900000000001 0.8402903568495517
5866.599999999999 0.8391372181103023
5867.200000000001 0.8396952689741483
5867.9 0.8391948703066489
5868.6 0.8407037203877025
5869.2 0.8397657024834088
5869.9 0.8396232097827938
5870.5 0.8386588415985637
5871.2 0.8391954191287807
5871.799999999999 0.839592979841681
5872.5 0.8400188549639502
5873.200000000001 0.8399843260903642
5873.8 0.8399478542233663
5874.5 0.8416025832542462
5875.1 0.8394950633154593
5875.8 0.8399559953040531
5876.4 0.8400255758161085
5877.1 0.841245702143196
5877.799999999999 0.8430286765503844
5878.400000000001 0.8377816888641457
5879.099999999999 0.8423648431319609
5879.700000000001 0.8415359984926221
5880.4 0.8396872762945133
5881.0 0.8424851647633915
5881.7 0.8415546882594488
5882.4 0.8423121915382076
5883.0 0.844597438853927
5883.7 0.8434831666599605
5884.299999999999 0.8438621170667574
5885.0 0.8453294669700114
5885.599999999999 0.8455816925496283
5886.3 0.8464070749815844
5886.900000000001 0.8455858968834984
5887.6 0.845923783916292
5888.3 0.8448476389017475
5888.9 0.8462052904254984
5889.6 0.8464333239871112
5890.2 0.8459071634949327
5890.900000000001 0.8468994060649917
5891.5 0.8470586152368552
5892.200000000001 0.8479627422281939
5892.799999999999 0.8495616885500406
5893.5 0.8469713672213675
5894.099999999999 0.8492083235041346
5894.8 0.8502295555044527
5895.5 0.8490849779074908
5896.1 0.8509124491469757
5896.799999999999 0.8522106338246426
5897.4 0.8523637962606565
5898.099999999999 0.8514002823782069
5898.7 0.8529001000317568
5899.400000000001 0.852389465103367
5900.0 0.8553225783051136
5900.700000000001 0.8530596387439268
5901.3 0.8548180036217198
5902.0 0.8547970510646945
5902.6 0.8573477202837182
5903.3 0.8558505226104388
5903.9 0.8567088397550969
5904.6 0.853507422929694
5905.2 0.855338000442142
5905.900000000001 0.8557475837745169
5906.5 0.8563183056179581
5907.200000000001 0.8563408287383846
5907.799999999999 0.8574956334497447
5908.5 0.8596506643451579
5909.099999999999 0.8596967745610409
5909.8 0.8581580909443889
5910.4 0.8578818676457292
5911.1 0.8591224561294298
5911.7 0.8584593184652989
5912.4 0.8610309490066582
5913.0 0.8607333731300117
5913.7 0.85929499496277
5914.299999999999 0.8604979857794817
5915.0 0.8627019209136626
5915.599999999999 0.8630873690880116
5916.3 0.864772197154035
5916.900000000001 0.8631444489584919
5917.6 0.8624110956345593
5918.200000000001 0.863642660275235
5918.9 0.8647127007069119
5919.5 0.8640949439655629
5920.2 0.8633678353913894
5920.8 0.8657850263419258
5921.5 0.8651255982800138
5922.1 0.8652599193282674
5922.799999999999 0.8664832866390193
5923.400000000001 0.8664300660049552
5924.099999999999 0.8649076402709257
5924.700000000001 0.8674694886837379
5925.4 0.8663683617717893
5926.0 0.8659867923947955
5926.7 0.8667364195621869
5927.3 0.8661542508491215
5928.0 0.8677516710115979
5928.6 0.8662907246698687
5929.2 0.8673984257385773
5929.9 0.8663260845439209
5930.5 0.8678282004338309
5931.2 0.8683655621075327
5931.799999999999 0.867430291236616
5932.5 0.8673220818599746
5933.099999999999 0.8680628505454627
5933.8 0.8661459378336829
5934.400000000001 0.8685913103039189
5935.1 0.8674001565312124
5935.700000000001 0.8663773353779899
5936.4 0.8691760265557805
5937.0 0.8678876291388915
5937.6 0.869056545903834
5938.3 0.869653462744282
5938.9 0.8689182269590909
5939.6 0.8701381831144024
5940.2 0.8672331849424749
5940.900000000001 0.8698220916166666
5941.5 0.8683292465430273
5942.1 0.8665197050307063
5942.799999999999 0.8703397769946057
5943.400000000001 0.867661984804808
5944.099999999999 0.8669193547060885
5944.700000000001 0.8701580772489221
5945.4 0.8685713083889662
5946.0 0.8675783568889003
5946.7 0.8684378407140303
5947.3 0.8669221520906751
5947.9 0.8688283246707321
5948.6 0.8691653385938988
5949.2 0.8671981364514988
5949.9 0.8673812932360471
5950.5 0.8675846904086569
5951.1 0.8705452965961769
5951.799999999999 0.8700374488916887
5952.4 0.8687653325675634
5953.099999999999 0.8687041091130068
5953.7 0.8687571807156893
5954.400000000001 0.8697813842406705
5955.0 0.8678984659763255
5955.599999999999 0.8685525585711336
5956.3 0.8668603455419456
5956.900000000001 0.8701068942701984
5957.6 0.867464089246101
5958.200000000001 0.8665773676799293
5958.8 0.8681163620749512
5959.5 0.8675427438415741
5960.1 0.8683763140518687
5960.8 0.8661639409939986
5961.4 0.863874946921707
5962.0 0.8667087565028873
5962.7 0.8676499543221989
5963.3 0.8678360381310019
5964.0 0.8672945491543128
5964.6 0.8657490471887412
5965.2 0.8648868603082238
5965.900000000001 0.8668496548998565
5966.5 0.8664745079635754
5967.1 0.8670397187521067
5967.799999999999 0.865037505005513
5968.400000000001 0.8669759683541375
5969.099999999999 0.8674224157194244
5969.700000000001 0.8654229660419037
5970.299999999999 0.8671548077100527
5971.0 0.866246810682885
5971.599999999999 0.8655744153046496
5972.200000000001 0.8636941215257542
5972.9 0.8677422603653044
5973.5 0.8660916104498797
5974.2 0.868025226353941
5974.8 0.8643602709074141
5975.4 0.8648536674956059
5976.1 0.8664755541009598
5976.7 0.8662920527389798
5977.3 0.8665582476298829
5978.0 0.8659685688479364
5978.6 0.8641510199669354
5979.2 0.8660912110547455
5979.9 0.863384461799182
5980.5 0.8656384192518068
5981.1 0.8649216071810721
5981.799999999999 0.8656181830755196
5982.4 0.8661019763122179
5983.099999999999 0.8645068675519068
5983.7 0.8644054632783748
5984.299999999999 0.8649566271042712
5985.0 0.8645664649234756
5985.599999999999 0.8655748284238077
5986.2 0.8635451374582563
5986.900000000001 0.8639368511848898
5987.5 0.8658986973761169
5988.099999999999 0.8632619385978647
5988.8 0.8657752227511957
5989.400000000001 0.8650486275729083
5990.0 0.865019515259861
5990.700000000001 0.8660819243264812
5991.3 0.8656062321524665
5991.900000000001 0.8652595773151827
5992.6 0.8658593553647826
5993.200000000001 0.8653399561665985
5993.8 0.8657829100051445
5994.5 0.865950786904593
5995.1 0.8641624552350767
5995.700000000001 0.8644989357582521
5996.3 0.8661877045204531
5997.0 0.8655766259074157
5997.6 0.8668337657277062
5998.200000000001 0.8648551702219344
5998.9 0.8674797846258896
5999.5 0.8643500161032843
6000.1 0.8661923413287289
6000.8 0.8655115223587215
6001.4 0.8633334954323864
6002.0 0.8652387522516131
6002.7 0.8651657269982725
6003.3 0.8647048427138111
6003.9 0.8645508235058841
6004.5 0.8646493467094122
6005.2 0.864685105156188
6005.8 0.8648273891992948
6006.4 0.8640676353949799
6007.1 0.8651984223545581
6007.7 0.8630731956150973
6008.3 0.8657756495480552
6008.9 0.8649771027746306
6009.6 0.8661748580482569
6010.2 0.863328908506284
6010.8 0.8641374554580518
6011.5 0.862102731501727
6012.1 0.8634032121181477
6012.7 0.8638446644978255
6013.3 0.8655742893535084
6014.0 0.8644654120946595
6014.6 0.8630002643922402
6015.2 0.8673337469113409
6015.8 0.8635266713984088
6016.5 0.8645279617026715
6017.1 0.8653841249547699
6017.7 0.8634779733968406
6018.400000000001 0.8635231790826654
6019.0 0.8639710652284087
6019.6 0.863176024815824
6020.2 0.8633356394059751
6020.900000000001 0.863843355816431
6021.5 0.8647537109073704
6022.1 0.861869595162033
6022.7 0.8622170372997368
6023.400000000001 0.8622079742460294
6024.0 0.8652054010869807
6024.6 0.8623518657495879
6025.2 0.861556423251727
6025.900000000001 0.8611861486342609
6026.5 0.858619677555401
6027.1 0.8622839708799098
6027.7 0.8603401062378068
6028.400000000001 0.8603449152369779
6029.0 0.8594654583707981
6029.6 0.8588451364888996
6030.2 0.8601102292356478
6030.8 0.8622832138862235
6031.5 0.8589447348324399
6032.1 0.8595661191805646
6032.7 0.8577226735041168
6033.3 0.8574481281705614
6034.0 0.8564450569032686
6034.6 0.8578969355709716
6035.2 0.8577355390422525
6035.8 0.8557501657755135
6036.5 0.85614440679476
6037.1 0.8572190641625361
6037.7 0.8564893473149006
6038.3 0.8562428120023129
6038.9 0.8554407146508805
6039.6 0.8581019068843514
6040.2 0.8551440797394315
6040.8 0.8548607004579818
6041.4 0.8532444033382215
6042.0 0.8515695847900749
6042.7 0.8527379494208331
6043.3 0.8540353897128234
6043.9 0.8548958269600803
6044.5 0.8522805211105644
6045.1 0.8527843085757243
6045.8 0.8478714570174158
6046.4 0.8486394652477752
6047.0 0.8507514964046723
6047.6 0.8513499146524284
6048.200000000001 0.850235494136862
6048.9 0.8482533336071597
6049.5 0.8475325013405738
6050.1 0.848007279104708
6050.700000000001 0.8473908785535025
6051.3 0.8486902250838303
6051.900000000001 0.8465450857932146
6052.6 0.8471578188247404
6053.200000000001 0.8455985848207872
6053.8 0.8469549250282333
6054.400000000001 0.8457056522014298
6055.0 0.8446109656599916
6055.700000000001 0.845330542327039
6056.3 0.8439962388705813
6056.900000000001 0.8447267564716588
6057.5 0.8432461145413725
6058.099999999999 0.8426520230726973
6058.7 0.844172223898808
6059.400000000001 0.8428620787233472
6060.0 0.8421774843503703
6060.599999999999 0.8411258724644483
6061.2 0.8418964622570383
6061.799999999999 0.8433362948205132
6062.4 0.8417816210945899
6063.0 0.8390210575256732
6063.7 0.8398134834342846
6064.299999999999 0.8386538799643957
6064.9 0.8378046638184459
6065.5 0.8392772019176744
6066.1 0.8363627209728317
6066.7 0.8365941860563536
6067.3 0.8400305093517297
6068.0 0.8348576787176414
6068.6 0.8382760103288566
6069.2 0.8372995331866733
6069.8 0.8377393589818956
6070.4 0.8358897661442534
6071.0 0.836650728804483
6071.599999999999 0.8355594502678227
6072.3 0.836052297163906
6072.9 0.8367313758100547
6073.5 0.8353063169172346
6074.099999999999 0.8357870340583469
6074.700000000001 0.8348751961699984
6075.299999999999 0.8359200707593346
6075.900000000001 0.833746756689058
6076.5 0.8352148471918753
6077.1 0.8321994886101798
6077.799999999999 0.8321123421926504
6078.400000000001 0.8329753773479179
6079.0 0.8325798803166502
6079.6 0.8352679007680424
6080.2 0.8316453241376464
6080.8 0.8318662199007556
6081.4 0.8323412356966906
6082.0 0.8317509811570738
6082.6 0.8316586863926217
6083.3 0.8326587257731822
6083.9 0.8327072930398565
6084.5 0.8325589110380864
6085.1 0.8306152723575482
6085.700000000001 0.8354568493853963
6086.3 0.8335465434300565
6086.900000000001 0.8317489792288577
6087.5 0.8289053009861708
6088.099999999999 0.8347210015583223
6088.7 0.8324440381301352
6089.299999999999 0.8324433003333215
6090.0 0.8310654670574763
6090.599999999999 0.8335020104775335
6091.2 0.8338333360650203
6091.799999999999 0.8319492896081865
6092.4 0.8331248853656421
6093.0 0.8316520531673175
6093.6 0.8331496596701216
6094.2 0.831216700620355
6094.8 0.8324087625789144
6095.4 0.8334992276874906
6096.0 0.8292851060043449
6096.599999999999 0.8325514349906794
6097.200000000001 0.8323397177847545
6097.799999999999 0.832087111737217
6098.5 0.8326794798981929
6099.099999999999 0.833314234200642
6099.700000000001 0.8346405426743518
6100.299999999999 0.8331810210683692
6100.900000000001 0.8351417815221522
6101.5 0.8339620306456194
6102.1 0.8347745504742168
6102.7 0.8336638915706854
6103.3 0.8358863752192875
6103.9 0.8341318120471387
6104.5 0.8343732075178202
6105.1 0.8353045277295581
6105.700000000001 0.8349650957643349
6106.3 0.8355939326153794
6106.900000000001 0.8347322061870446
6107.5 0.835982415833421
6108.099999999999 0.8369859307586786
6108.7 0.836142902924013
6109.299999999999 0.8359775761099706
6109.9 0.8396822313875747
6110.5 0.8367244707915712
6111.1 0.8380885134810624
6111.7 0.8360280618498453
6112.3 0.8385415716123805
6112.9 0.8396946322962541
6113.5 0.8384723880183321
6114.099999999999 0.8395201068851829
6114.700000000001 0.8409007654057346
6115.299999999999 0.8413366227957653
6115.900000000001 0.838768773794855
6116.599999999999 0.8402842371092628
6117.200000000001 0.8404155536443874
6117.799999999999 0.8395225840967145
6118.400000000001 0.8413711015032183
6119.0 0.8408835094261763
6119.6 0.8416142485665321
6120.2 0.8431743160068994
6120.8 0.8433807197166707
6121.4 0.8415971684760206
6122.0 0.8426061061063331
6122.6 0.8427941035039036
6123.099999999999 0.8404071148949261
6123.7 0.8415367440652237
6124.299999999999 0.8447108517154805
6124.9 0.8427696198331855
6125.5 0.8439584505328032
6126.1 0.8453507754434364
6126.7 0.8459541537320548
6127.3 0.8473196277518124
6127.9 0.8500958762944689
6128.6 0.8490082060278724
6129.299999999999 0.8507678113545937
6129.9 0.849738964908344
6130.599999999999 0.8505329487569069
6131.2 0.8508756065934842
6131.900000000001 0.8512436116699895
6132.6 0.8519292988131947
6133.200000000001 0.8535624350129076
6133.9 0.8517385263686877
6134.5 0.8529998218047267
6135.2 0.8514492668562913
6135.8 0.8535139133247014
6136.5 0.8526512204032517
6137.1 0.8527053687042419
6137.799999999999 0.8549045797762687
6138.5 0.8541168502639965
6139.099999999999 0.8544372206534617
6139.8 0.8547983495505245
6140.4 0.8560624328947193
6141.1 0.8547406395033338
6141.7 0.8570549952773461
6142.4 0.8557310573383254
6143.099999999999 0.8569587147961223
6143.7 0.8546030401020115
6144.400000000001 0.8552611875181806
6145.0 0.8554616546871037
6145.700000000001 0.858771296286382
6146.3 0.8563858992315471
6147.0 0.8554867668138638
6147.6 0.8556919316729729
6148.3 0.8602447467948529
6149.0 0.8575309246087338
6149.6 0.8585549402364906
6150.299999999999 0.8607960224944996
6150.900000000001 0.8581531244658408
6151.599999999999 0.856847712669505
6152.200000000001 0.8571743155352016
6152.9 0.8610059434851909
6153.5 0.8585240820517519
6154.2 0.8577651328505906
6154.8 0.8591610239134219
6155.5 0.8611998894320952
6156.2 0.8613879567325737
6156.799999999999 0.8616641935861676
6157.5 0.8609696255965332
6158.099999999999 0.8614568460830292
6158.8 0.8616110931375572
6159.400000000001 0.859494839765406
6160.1 0.860550093690788
6160.700000000001 0.8599304762005862
6161.4 0.8614060391518316
6162.0 0.8613900858619228
6162.7 0.8611965514480336
6163.3 0.8614389642954444
6164.0 0.8625631442140022
6164.6 0.862150199188047
6165.299999999999 0.8587847387862141
6165.900000000001 0.8616411015996855
6166.599999999999 0.8613407512948289
6167.3 0.8614528379981209
6167.9 0.8615932610357054
6168.6 0.8620128240522875
6169.2 0.8617381212294961
6169.9 0.8615616466402641
6170.5 0.8619259677069618
6171.2 0.8617686942724136
6171.799999999999 0.8610683787803035
6172.5 0.8608535268377516
6173.099999999999 0.8608649540692991
6173.8 0.861914236524137
6174.400000000001 0.8629996643075204
6175.1 0.862105565187631
6175.700000000001 0.8624522534419266
6176.4 0.8621543876341432
6177.0 0.8628157855396688
6177.7 0.8626095792561618
6178.3 0.8612923714766032
6179.0 0.861629904275328
6179.6 0.8603533063868646
6180.299999999999 0.861241292613357
6180.900000000001 0.8622651832250043
6181.599999999999 0.8622966404110631
6182.200000000001 0.8617232809779074
6182.9 0.8609156074781599
6183.5 0.8572125955902421
6184.2 0.8609001089198176
6184.8 0.8599075256962989
6185.5 0.8596708563884123
6186.1 0.8611563425597714
6186.799999999999 0.8610388673863133
6187.4 0.8624104844259491
6188.099999999999 0.8603381342983067
6188.7 0.8583141773948072
6189.400000000001 0.8618544270346628
6190.0 0.8592780307730008
6190.700000000001 0.859771449885757
6191.3 0.8611537635946952
6192.0 0.8585767457766514
6192.6 0.8583187230876516
6193.3 0.8573906335642587
6193.9 0.8567608952461828
6194.6 0.8558903346200316
6195.2 0.8569467700620786
6195.900000000001 0.8594189470918058
6196.5 0.8582311665218422
6197.200000000001 0.8570920262040087
6197.799999999999 0.8566712578700569
6198.5 0.8576307754193967
6199.099999999999 0.85749077253808
6199.8 0.8571618451185778
6200.4 0.8561701545731678
6201.1 0.8568739874277477
6201.7 0.8557410286107298
6202.3 0.8545286759632656
6203.0 0.854625659953281
6203.6 0.8557707160246157
6204.299999999999 0.8553483883064631
6204.9 0.8562456347476188
6205.599999999999 0.8533273114999494
6206.2 0.8546780838764422
6206.900000000001 0.8534505417935413
6207.5 0.8528445755394377
6208.200000000001 0.8502283358285588
6208.8 0.8524372687951454
6209.5 0.8513490004567973
6210.1 0.8535910372248414
6210.8 0.853597841652344
6211.4 0.851224068365472
6212.0 0.8496906903602786
6212.7 0.8526935284885757
6213.3 0.8509740917381394
6214.0 0.8512394269338124
6214.6 0.8497110418960928
6215.299999999999 0.8503526091685453
6215.900000000001 0.8475628092846983
6216.599999999999 0.8486710679292384
6217.200000000001 0.8458935759629261
6217.9 0.8442097553499136
6218.5 0.8468285453651421
6219.099999999999 0.8471848240324199
6219.8 0.8455467143566617
6220.4 0.8469436944962141
6221.1 0.8467197703719274
6221.7 0.842389595771665
6222.4 0.8462316125390443
6223.0 0.8404376671082766
6223.7 0.8436226516077286
6224.299999999999 0.8425412107282265
6224.9 0.8410262121472264
6225.599999999999 0.8418737436341945
6226.2 0.841273503242095
6226.900000000001 0.841951448775092
6227.5 0.841896289757736
6228.200000000001 0.8404482699490022
6228.8 0.8399396221930628
6229.400000000001 0.8394577191532927
6230.1 0.8375919795786287
6230.700000000001 0.8384236482594017
6231.4 0.8359369074896985
6232.0 0.838212391188589
6232.7 0.8349440838530636
6233.3 0.834452894458349
6233.9 0.8334534915167255
6234.6 0.8348941712966101
6235.2 0.8356447947217014
6235.900000000001 0.8355156910063443
6236.5 0.8335161682076317
6237.200000000001 0.8340828585573132
6237.799999999999 0.8309956042888432
6238.400000000001 0.8312170170667493
6239.099999999999 0.830674065187518
6239.700000000001 0.8313245394009595
6240.4 0.8295380794580336
6241.0 0.8276841552125143
6241.599999999999 0.8317107751111289
6242.3 0.8302306600894355
6242.9 0.8297297270915773
6243.6 0.8266106521668852
6244.2 0.8272975072594176
6244.9 0.8265922569452414
6245.5 0.8243594215469501
6246.1 0.8262022904696141
6246.799999999999 0.825244885047796
6247.4 0.8256462637210832
6248.099999999999 0.8243679097249837
6248.7 0.8221170773813533
6249.299999999999 0.8219059057951189
6250.0 0.820523638433656
6250.599999999999 0.8217712235568924
6251.3 0.8192804678655452
6251.900000000001 0.8187176743596596
6252.5 0.8227254173204085
6253.200000000001 0.8220194472085389
6253.8 0.8195266843949942
6254.5 0.8194246737675854
6255.1 0.8157565677385524
6255.700000000001 0.8169570755980616
6256.4 0.816370553039581
6257.0 0.8161808820276023
6257.6 0.8153688599593346
6258.3 0.8160378946678024
6258.9 0.8153483337012553
6259.6 0.812992881910566
6260.2 0.8133622454760334
6260.8 0.8140055208681295
6261.5 0.8137319451726717
6262.1 0.811495277301708
6262.7 0.8135819627414674
6263.400000000001 0.81171757687928
6264.0 0.8107044934062461
6264.700000000001 0.8098684433352039
6265.299999999999 0.8103076158207886
6265.900000000001 0.8094833363696545
6266.599999999999 0.8084400981660451
6267.200000000001 0.8090568990511083
6267.799999999999 0.808608180441088
6268.5 0.8084143390278868
6269.099999999999 0.8086308448779018
6269.8 0.8063479872074862
6270.4 0.8099069928533439
6271.0 0.8050203978199947
6271.7 0.8085290078003463
6272.3 0.8095544816745122
6272.9 0.8074377438129936
6273.6 0.805699341819309
6274.2 0.8035073612116073
6274.8 0.805459524911778
6275.5 0.8053647068971995
6276.1 0.8042391028237775
6276.799999999999 0.8058156487731273
6277.4 0.8067191814873328
6278.0 0.8041651385315995
6278.7 0.8020931127246643
6279.299999999999 0.8064936100264364
6279.9 0.8046165129802617
6280.599999999999 0.8018539030368718
6281.2 0.8044677368602302
6281.799999999999 0.8032079902765416
6282.5 0.803404984303366
6283.099999999999 0.8027007665231792
6283.7 0.8027020396008371
6284.400000000001 0.802906840351083
6285.0 0.8020712462833395
6285.599999999999 0.8029295712024261
6286.3 0.8029767862548741
6286.900000000001 0.803250604172874
6287.5 0.8035545711238625
6288.200000000001 0.8028716591177301
6288.8 0.8032354024328265
6289.400000000001 0.7997530221211995
6290.1 0.8020265310275648
6290.700000000001 0.8014539672919889
6291.3 0.8006980541045947
6292.0 0.8021492764245586
6292.6 0.8023563653693224
6293.200000000001 0.801708293774661
6293.9 0.8027565820891619
6294.5 0.8020124082924078
6295.1 0.8002858054568803
6295.8 0.8031379270171319
6296.4 0.8017201799046927
6297.0 0.8016994886464577
6297.7 0.8020142935850939
6298.3 0.8022652308630227
6298.9 0.8023734781008399
6299.6 0.8032064562194713
6300.2 0.8035424178823545
6300.8 0.8025682191613908
6301.4 0.8032164328317495
6302.1 0.8029004672457213
6302.7 0.8030108377885521
6303.3 0.8050123746942272
6304.0 0.8050150722014539
6304.6 0.8026265473497769
6305.2 0.8040320648718258
6305.900000000001 0.805802523658447
6306.5 0.8037890416695997
6307.1 0.8046830918752185
6307.7 0.8087886170868701
6308.400000000001 0.805085137941311
6309.0 0.8057153698752686
6309.6 0.8074440902169138
6310.299999999999 0.8081714244509443
6310.900000000001 0.807660030980312
6311.5 0.8084238975959385
6312.200000000001 0.8091350160332449
6312.799999999999 0.8067365521978298
6313.400000000001 0.8086663022176986
6314.0 0.8079246217278483
6314.700000000001 0.8087643037927463
6315.299999999999 0.8077223795297577
6315.900000000001 0.8082033518370412
6316.599999999999 0.8111388691001647
6317.200000000001 0.8120779343033189
6317.799999999999 0.8089165386484941
6318.400000000001 0.809918294233158
6319.099999999999 0.8132385052305652
6319.700000000001 0.8119687771971726
6320.299999999999 0.8129911219595323
6320.900000000001 0.811749155958317
6321.599999999999 0.814077763547373
6322.200000000001 0.8130897638603819
6322.799999999999 0.8148006258151905
6323.5 0.8151931050521151
6324.099999999999 0.8148808287392307
6324.700000000001 0.8134221808155535
6325.299999999999 0.8145408841331839
6326.0 0.8153451212563603
6326.599999999999 0.8154481407037156
6327.200000000001 0.8162859421791283
6327.799999999999 0.8156027959487672
6328.5 0.8175601714124918
6329.099999999999 0.8194141961881551
6329.700000000001 0.8183375792105632
6330.299999999999 0.8182079001185294
6331.0 0.8206453455233489
6331.599999999999 0.82028677691735
6332.200000000001 0.8215424962351664
6332.799999999999 0.8206197580928914
6333.5 0.8213857318365587
6334.099999999999 0.8228381794086607
6334.700000000001 0.8222951428222948
6335.299999999999 0.82344475048944
6336.0 0.8233523813420157
6336.599999999999 0.8243811755961583
6337.200000000001 0.8247084519160872
6337.799999999999 0.8250943206864582
6338.5 0.8231341196206728
6339.099999999999 0.8255529790012509
6339.700000000001 0.8261509003373317
6340.299999999999 0.8277294695295017
6341.0 0.824403796917208
6341.599999999999 0.8271882091222375
6342.200000000001 0.827114813301542
6342.799999999999 0.829163039960245
6343.5 0.8264174577454557
6344.099999999999 0.8270749040693413
6344.700000000001 0.8282867989227546
6345.299999999999 0.8282652509242333
6346.0 0.8277023221340962
6346.599999999999 0.829130174980564
6347.200000000001 0.8302717375304849
6347.799999999999 0.8308585614910224
6348.400000000001 0.8317947058849371
6349.099999999999 0.8338251963366394
6349.700000000001 0.8328229509433257
6350.299999999999 0.8323624764193129
6350.900000000001 0.8332608570462277
6351.5 0.8326157985095192
6352.200000000001 0.8357387387565275
6352.799999999999 0.8331360391392467
6353.400000000001 0.8351702516739271
6354.0 0.8371729231465169
6354.700000000001 0.8352453984132789
6355.299999999999 0.8339986069794803
6355.900000000001 0.8337756853231454
6356.5 0.8356900579499741
6357.1 0.8349344063534725
6357.799999999999 0.8349496136765785
6358.400000000001 0.83590241827753
6359.0 0.8358169989348294
6359.6 0.83778343250339
6360.2 0.8357514593799525
6360.900000000001 0.8375709985313116
6361.5 0.838454844490846
6362.1 0.8372631132823082
6362.7 0.8383080584057497
6363.3 0.8381159664277744
6364.0 0.8378582119863419
6364.6 0.8400884032754012
6365.2 0.8377171026901173
6365.8 0.8371934081401455
6366.4 0.8401242831456716
6367.1 0.8409260535584625
6367.7 0.8414038478691018
6368.3 0.8427673992088345
6368.9 0.8391844230274161
6369.5 0.8424029320015789
6370.1 0.8411543103692461
6370.8 0.8421634408806142
6371.4 0.8438706859010712
6372.0 0.8413735302526031
6372.6 0.8421397861183602
6373.200000000001 0.842306835328632
6373.8 0.8431183904317546
6374.5 0.8419938234939688
6375.1 0.8408651898520574
6375.700000000001 0.8414439968078393
6376.3 0.8403785097059515
6376.900000000001 0.8438120019511669
6377.5 0.8448719125898506
6378.200000000001 0.84202496919998
6378.8 0.8434815269285268
6379.400000000001 0.8415762752083722
6380.0 0.8428875001085192
6380.599999999999 0.842635478580487
6381.2 0.8436672372336402
6381.900000000001 0.8420444445985873
6382.5 0.8430731967007606
6383.099999999999 0.8427908752534133
6383.7 0.8431455396793092
6384.299999999999 0.8426933948846833
6384.9 0.8443581167207919
6385.5 0.8425495066978115
6386.2 0.8441262942984885
6386.799999999999 0.8424312875687046
6387.4 0.8427612048958913
6388.0 0.8441278889985969
6388.6 0.8436760712033898
6389.2 0.842419309910323
6389.8 0.843128987184344
6390.700000000001 0.8443505896278577
6391.4 0.8447151256841968
6392.0 0.8441941659488414
6392.6 0.8425331765837322
6393.3 0.8446111174059874
6393.9 0.8448346423930633
6394.5 0.8447854331455285
6395.2 0.84145610127198
6395.8 0.8437044356795573
6396.4 0.8440386920841657
6397.1 0.8456426481410316
6397.7 0.843477716232064
6398.3 0.8413504530283752
6399.0 0.8435361127235723
6399.6 0.8450815342094602
6400.2 0.8423670625083749
6400.900000000001 0.845850727741306
6401.5 0.8429975562037739
6402.1 0.8440184732660724
6402.799999999999 0.844883206267077
6403.400000000001 0.8418076048568724
6404.0 0.8429538894879528
6404.700000000001 0.8438866459871236
6405.299999999999 0.8404235662289938
6405.900000000001 0.8433986113053119
6406.5 0.8424157599237839
6407.200000000001 0.8414990598655795
6407.799999999999 0.8430519011667191
6408.400000000001 0.8423138054105495
6409.099999999999 0.841698108233749
6409.700000000001 0.8414721489194694
6410.299999999999 0.8433455048307333
6411.0 0.8413331094476799
6411.599999999999 0.8425164427553495
6412.200000000001 0.8439627904549203
6412.9 0.842673635384763
6413.5 0.8426633348444477
6414.099999999999 0.8430979919121695
6414.700000000001 0.8434235939375523
6415.4 0.8398242587454666
6416.0 0.8416512896828322
6416.599999999999 0.8422527860645525
6417.3 0.8413970745067464
6417.9 0.8403042236983436
6418.5 0.8397355721974474
6419.099999999999 0.8411675409733488
6419.8 0.8418553404968228
6420.4 0.843137978747357
6421.0 0.8429849152245429
6421.7 0.8428138043435505
6422.3 0.8418555692115327
6422.9 0.8424580121663771
6423.5 0.8418811878601622
6424.2 0.8456149610186399
6424.8 0.8398916973823113
6425.4 0.8426262289128437
6426.1 0.840507613517939
6426.7 0.8413944894167266
6427.3 0.840558421782405
6427.9 0.8430625806328756
6428.6 0.8432713431134443
6429.2 0.8425505297690997
6429.8 0.8441342488131608
6430.4 0.8422377075360596
6431.1 0.8407422837561196
6431.7 0.8418390705871192
6432.3 0.8431188109542761
6433.0 0.8422127679744197
6433.6 0.8407260937487714
6434.2 0.8429949280604576
6434.8 0.8413555571248357
6435.5 0.8423290069064251
6436.1 0.8429055623081015
6436.7 0.8424598402623868
6437.3 0.8450194545165732
6438.0 0.8423817623562548
6438.6 0.8415292479836448
6439.2 0.8420773497706167
6439.8 0.842643593634702
6440.5 0.8437792528219408
6441.1 0.8415226935698906
6441.7 0.8441270453146826
6442.3 0.8405016716383743
6443.0 0.8424271810654651
6443.6 0.842659795231579
6444.2 0.8423292513729075
6444.8 0.8419302803437273
6445.5 0.8412816554828638
6446.1 0.8443814642925832
6446.7 0.8433402735649981
6447.3 0.8430089547434976
6448.0 0.8429204289428583
6448.6 0.8435715452340594
6449.2 0.8432405177821677
6449.8 0.8446186129908164
6450.5 0.8422858900820792
6451.1 0.8458117151175129
6451.7 0.8445537719031834
6452.3 0.8439953272552692
6453.0 0.8467007603902323
6453.6 0.8413802331917019
6454.2 0.8434546223375217
6454.8 0.8438833720756195
6455.5 0.8457367944723719
6456.1 0.8448698268547471
6456.7 0.8455838010351876
6457.3 0.845910594335769
6457.9 0.8436654679896949
6458.6 0.8463656096655283
6459.2 0.8443463784499605
6459.8 0.8453273333255831
6460.4 0.8436753073082389
6461.1 0.8449671184286756
6461.7 0.8456706806935934
6462.3 0.8438083846230154
6462.9 0.8458512648522982
6463.5 0.8453946138767597
6464.2 0.8466390642999446
6464.8 0.8453345895476797
6465.4 0.8458755993200981
6466.0 0.8445528296076096
6466.7 0.8457517101892464
6467.3 0.8460782816289227
6467.9 0.8452488702348578
6468.5 0.8457719535198556
6469.099999999999 0.8463256793470342
6469.8 0.8469499964632567
6470.4 0.8464474030139165
6471.0 0.8465411190143911
6471.599999999999 0.8472345249896868
6472.200000000001 0.8473567399664385
6472.9 0.8460012293606552
6473.5 0.8475505901270781
6474.099999999999 0.8470747787111961
6474.700000000001 0.8472839427868954
6475.299999999999 0.8458530081180764
6476.0 0.8457705123198082
6476.599999999999 0.8450230219398407
6477.200000000001 0.8477667779527088
6477.799999999999 0.8475650317392334
6478.400000000001 0.8490450980587795
6479.099999999999 0.8481966462139551
6479.700000000001 0.8507657613951242
6480.299999999999 0.8496845865717122
6480.900000000001 0.8512620958667095
6481.5 0.8477550850044527
6482.200000000001 0.8463501234201433
6482.799999999999 0.8478216794594244
6483.400000000001 0.8488571455312651
6484.0 0.847659060863809
6484.6 0.8484296867882765
6485.2 0.8499778734141947
6485.900000000001 0.8485678525334096
6486.5 0.8492498000199743
6487.1 0.8489094657284444
6487.7 0.8488852706961915
6488.3 0.8477184987544846
6489.0 0.8466244893594482
6489.6 0.8489489936836357
6490.2 0.8510848614625168
6490.8 0.8481480740846291
6491.4 0.8490181121771969
6492.0 0.8481466142347542
6492.7 0.8493446605551185
6493.3 0.8484583123764146
6493.9 0.8488555485651066
6494.5 0.8472189021644847
6495.1 0.8500515758152019
6495.700000000001 0.8493840314144923
6496.4 0.8491766553879937
6497.0 0.8476508417443971
6497.6 0.8501609127338406
6498.200000000001 0.8495211793773011
6498.8 0.8496055436938201
6499.400000000001 0.8481518905150345
6500.0 0.8482895586396836
6500.700000000001 0.8492005195312322
6501.3 0.848662145697342
6501.900000000001 0.8479856533434978
6502.5 0.8514167894087461
6503.099999999999 0.8516338289874168
6503.7 0.8494823743669828
6504.400000000001 0.8508129383357186
6505.0 0.8496242850276482
6505.599999999999 0.8521608149839223
6506.2 0.849881236654848
6506.799999999999 0.8497125523981481
6507.4 0.8491047498087794
6508.0 0.8493885122664094
6508.7 0.8478325190916276
6509.299999999999 0.849935730226418
6509.9 0.8500616438608064
6510.5 0.851153237321227
6511.1 0.8476495599556579
6511.7 0.8497105216549109
6512.3 0.8507317939025031
6512.9 0.8478254590238252
6513.6 0.8488453612846623
6514.2 0.8519950701683001
6514.8 0.849082808735477
6515.4 0.8485318763747316
6516.0 0.8489815563771248
6516.599999999999 0.8502649700428876
6517.200000000001 0.8517188441799273
6517.9 0.8478909960826523
6518.5 0.8485350984683607
6519.099999999999 0.8495691367020928
6519.700000000001 0.8497508521447996
6520.299999999999 0.8527672718287028
6520.900000000001 0.8480560304959293
6521.5 0.8491567358662336
6522.1 0.8511735257722391
6522.7 0.8477133198569724
6523.400000000001 0.847267554483812
6524.0 0.8490673924292904
6524.6 0.8484973036438783
6525.2 0.8500459540146463
6525.8 0.8503481095058038
6526.4 0.8489874494350416
6527.0 0.8507752655400609
6527.6 0.8490892031318629
6528.200000000001 0.8496029988991508
6528.9 0.8469256812106274
6529.5 0.8496000412227828
6530.1 0.8492823889212685
6530.700000000001 0.8501029170281673
6531.3 0.8494744799406682
6531.900000000001 0.8486597186333628
6532.5 0.848424004218313
6533.099999999999 0.8511858313254599
6533.7 0.8489135693949136
6534.299999999999 0.8493041289008393
6535.0 0.8479981085583772
6535.599999999999 0.8484726597806123
6536.2 0.8492709167829897
6536.799999999999 0.8494543657774866
6537.4 0.8491663145686521
6538.0 0.8509326728549766
6538.6 0.8504104566566025
6539.2 0.8497407765367433
6539.8 0.8467865197269165
6540.4 0.8484754049442063
6541.0 0.850132833409615
6541.599999999999 0.8508144313548524
6542.3 0.8481281598407704
6542.9 0.8490526247090546
6543.5 0.848921152167927
6544.099999999999 0.8498234124552414
6544.700000000001 0.8501304569428804
6545.299999999999 0.8509852628906899
6545.900000000001 0.8485074205560017
6546.5 0.8478260382316317
6547.1 0.8482292597950696
6547.7 0.8494250275527574
6548.3 0.8490084895151542
6548.9 0.8494700194312209
6549.5 0.850178754060406
6550.1 0.8504975728545013
6550.700000000001 0.8483501858102956
6551.4 0.8493433725533752
6552.0 0.8476869346008985
6552.6 0.8478417053427635
6553.200000000001 0.8482524003284531
6553.8 0.8483187160957365
6554.400000000001 0.8492364025339793
6555.0 0.8486865190722377
6555.599999999999 0.8460860723451944
6556.2 0.8491896137053787
6556.799999999999 0.8476370154845395
6557.4 0.8489268804103449
6558.0 0.8482351296751106
6558.6 0.8478937539170358
6559.2 0.8480558276728739
6559.8 0.8474183364918696
6560.4 0.850401911800635
6561.0 0.8474967591527806
6561.599999999999 0.8473757010329183
6562.200000000001 0.8483443058120256
6562.799999999999 0.8494213271630695
6563.400000000001 0.8477057804197197
6564.099999999999 0.8477776954442477
6564.700000000001 0.8485771063792891
6565.299999999999 0.8467262931350804
6565.900000000001 0.8468233129729034
6566.5 0.8475926756399061
6567.1 0.847184666742429
6567.7 0.8490311951707092
6568.3 0.8454766443192929
6568.9 0.8486632937780445
6569.5 0.8489243575617498
6570.1 0.8493709322550799
6570.700000000001 0.8483726825691182
6571.3 0.8491692163852662
6571.900000000001 0.848404626916523
6572.5 0.8485056942206055
6573.099999999999 0.848116840416702
6573.7 0.8476537902841068
6574.299999999999 0.8479006617881342
6574.9 0.8480857486423831
6575.5 0.8488849582320799
6576.1 0.8499054133968611
6576.7 0.848983857004955
6577.3 0.846172740917194
6577.9 0.8476800048371305
6578.5 0.8492433214987727
6579.099999999999 0.848162143273548
6579.700000000001 0.8496460747631709
6580.299999999999 0.8473007885081986
6580.900000000001 0.8472393817237082
6581.5 0.8492771656791176
6582.1 0.8476467150289931
6582.7 0.8491729984856781
6583.3 0.8470417261081229
6583.9 0.8494521539817828
6584.5 0.8474704257612271
6585.1 0.8472783440085807
6585.700000000001 0.847122032495429
6586.3 0.8475145278900064
6586.900000000001 0.8488601979613302
6587.5 0.847483968244995
6588.099999999999 0.8471634663716602
6588.7 0.8482719705819272
6589.299999999999 0.8467264348439965
6589.9 0.8470616424208545
6590.5 0.8483974714959917
6591.1 0.8496963904774797
6591.7 0.8477427496994011
6592.3 0.8470775869986064
6592.9 0.8474677722583884
6593.5 0.8476342185993397
6594.099999999999 0.8474218194759636
6594.700000000001 0.8485814823691076
6595.299999999999 0.845450623127855
6595.900000000001 0.8460416910025154
6596.5 0.847774055237158
6597.1 0.8468518071227195
6597.7 0.8489455406960683
6598.200000000001 0.8461475457488454
6598.8 0.8465256850534035
6599.400000000001 0.8474701244005115
6600.0 0.8455765879575001
6600.599999999999 0.8500084207565162
6601.2 0.8452190313051114
6601.799999999999 0.845198897694604
6602.4 0.8463384610743336
6603.0 0.8487976581481035
6603.6 0.8453541153379072
6604.2 0.8468104756254827
6604.8 0.8484032285325934
6605.4 0.8474229497097249
6606.0 0.8466477537672024
6606.599999999999 0.8462733607763733
6607.200000000001 0.8437599145182663
6607.799999999999 0.844897793042103
6608.400000000001 0.8463892018222503
6609.0 0.8464409402515138
6609.6 0.8476330566244948
6610.2 0.8433775197489214
6610.700000000001 0.8456706967294391
6611.3 0.8469420370695394
6611.900000000001 0.845429637506829
6612.5 0.8443433300310451
6613.099999999999 0.8468149799794076
6613.7 0.8478539286362567
6614.299999999999 0.8458671410721671
6614.9 0.8436076665840793
6615.5 0.8436219232542164
6616.1 0.8458727579220883
6616.7 0.8455599618282108
6617.3 0.8469373333846649
6617.9 0.8446857203210886
6618.5 0.8451117528132859
6619.0 0.8440121397687178
6619.6 0.8438588466277775
6620.2 0.8436091043050633
6620.8 0.8444460230790152
6621.4 0.8437681863300935
6622.0 0.8449575044785005
6622.6 0.8441290917381943
6623.200000000001 0.8423231674922095
6623.8 0.8428613525930434
6624.400000000001 0.8438546763599996
6625.0 0.8436527892706498
6625.599999999999 0.8438806916211645
6626.1 0.844908952612103
6626.7 0.8445187011558889
6627.3 0.8445066879399812
6627.9 0.843865875969801
6628.5 0.8443337105807195
6629.099999999999 0.8433613196232665
6629.700000000001 0.8433923931866272
6630.299999999999 0.8439892608459005
6630.900000000001 0.8445424886981955
6631.4 0.8429634347919351
6632.0 0.8440794552386919
6632.6 0.8428531905048198
6633.200000000001 0.8419593773913419
6633.8 0.8432523351382727
6634.400000000001 0.84522998974848
6635.0 0.8434713791943066
6635.599999999999 0.8424412928297782
6636.2 0.8431853037649165
6636.7 0.8419023695927491
6637.3 0.8445609903631753
6637.9 0.8423314554723148
6638.5 0.8422186989769833
6639.099999999999 0.8424312028906236
6639.700000000001 0.841063405410684
6640.299999999999 0.8403013556817818
6640.900000000001 0.8419848074071355
6641.4 0.8413275390050033
6642.0 0.8413234967315532
6642.6 0.8407374702389633
6643.200000000001 0.8401488717926696
6643.8 0.8416103315415056
6644.400000000001 0.8424670614446172
6645.0 0.8423698580660147
6645.599999999999 0.8420475315740616
6646.1 0.8412060092227663
6646.7 0.8395713758350042
6647.3 0.8414664200599028
6647.9 0.8417416798139188
6648.5 0.8407002566122156
6649.099999999999 0.8407101488775761
6649.700000000001 0.8403677241709794
6650.2 0.8391281968233931
6650.8 0.8401075016843119
6651.4 0.840798717314401
6652.0 0.8382547225486783
6652.6 0.8381561903081638
6653.200000000001 0.8412059918052343
6653.7 0.8403566640510647
6654.299999999999 0.8409404343198958
6654.9 0.8388303890274188
6655.5 0.840782287826598
6656.1 0.8421493352381509
6656.7 0.8373421208299235
6657.200000000001 0.8398185728987226
6657.799999999999 0.837099137534671
6658.400000000001 0.8402512759089555
6659.0 0.8381569947720677
6659.6 0.8397516901744783
6660.2 0.8387713963930232
6660.700000000001 0.839266766532873
6661.3 0.8394295166878518
6661.900000000001 0.8383901044006162
6662.5 0.8402756143507317
6663.099999999999 0.8407782571041347
6663.7 0.8381247373376345
6664.2 0.8374492790101744
6664.8 0.8382426327610017
6665.4 0.8387101218789934
6666.0 0.839473883796614
6666.599999999999 0.8381890015578354
6667.1 0.8414770130212468
6667.7 0.8395745845328569
6668.3 0.8372115903123941
6668.9 0.8381357460202724
6669.5 0.8371247688233879
6670.0 0.8407875959494286
6670.599999999999 0.8399336378541775
6671.2 0.839958380169361
6671.799999999999 0.8389319542348018
6672.4 0.8379134985752096
6672.9 0.8398300862227058
6673.5 0.8403006449351622
6674.099999999999 0.8385589539437328
6674.700000000001 0.837101179497405
6675.299999999999 0.8392220633698629
6675.8 0.8383221934754754
6676.4 0.8386651665995998
6677.0 0.8394572511232029
6677.6 0.8389623787276987
6678.200000000001 0.8361197304307179
6678.7 0.8383982050009499
6679.299999999999 0.8375434810992985
6679.9 0.8392708887267453
6680.5 0.8380544392445308
6681.0 0.8368070908596276
6681.599999999999 0.8397575207203705
6682.200000000001 0.8365336229599286
6682.799999999999 0.837670337292235
6683.400000000001 0.8390592961853521
6683.9 0.8364340576755996
6684.5 0.8389870450068706
6685.1 0.8366655277103887
6685.700000000001 0.8369002986119595
6686.2 0.8364333985429873
6686.799999999999 0.8392424717378391
6687.4 0.8367941017554444
6688.0 0.835496863416258
6688.5 0.8392834146780074
6689.099999999999 0.8380615769859983
6689.700000000001 0.838164053168373
6690.299999999999 0.8388941839850029
6690.8 0.8359007387015922
6691.4 0.8407749249784503
6692.0 0.8389658488619848
6692.6 0.8372239004354569
6693.099999999999 0.839943255717764
6693.7 0.8380046491873199
6694.299999999999 0.8391327700327983
6694.9 0.8372841715733909
6695.4 0.8354898517225527
6696.0 0.8393999996376066
6696.599999999999 0.8390725799389624
6697.200000000001 0.8387445565637777
6697.7 0.8392955542119769
6698.3 0.8383531024396577
6698.9 0.8387889603268773
6699.5 0.8387734385130174
6700.0 0.83736259205796
6700.599999999999 0.8388653442132116
6701.2 0.8366709263790995
6701.799999999999 0.8391017592701989
6702.3 0.8381043235405766
6702.9 0.8389261200804462
6703.5 0.8373628157755912
6704.0 0.8385602207139115
6704.6 0.8370608471676062
6705.2 0.838364594965439
6705.8 0.8394876645385214
6706.3 0.8379688757143802
6706.900000000001 0.83873526673436
6707.5 0.837075924578689
6708.0 0.8360380988414109
6708.6 0.8378168717561393
6709.2 0.8383168315144257
6709.8 0.837137346496838
6710.299999999999 0.8367487285755534
6710.900000000001 0.8384691267774855
6711.5 0.8370293480188628
6712.0 0.8368347582347748
6712.6 0.8373191211368324
6713.200000000001 0.8358473501558793
6713.7 0.8380866095663444
6714.299999999999 0.8361319258212733
6714.9 0.8366969685685096
6715.5 0.8360818263787533
6716.0 0.8363581947709948
6716.599999999999 0.8388487308540852
6717.200000000001 0.8360362013180929
6717.7 0.8369974902410381
6718.3 0.8377580987296291
6718.9 0.8343565464315719
6719.400000000001 0.8364985161507784
6720.0 0.8356574131778928
6720.599999999999 0.8361878203855394
6721.1 0.8348442273996814
6721.7 0.8360030064227307
6722.3 0.8344338925023477
6722.799999999999 0.8352132047417103
6723.400000000001 0.8355223478058279
6724.0 0.8347232196364405
6724.5 0.8359595498186269
6725.1 0.8356938350318741
6725.700000000001 0.8344062595866697
6726.2 0.835522960912794
6726.799999999999 0.8350736837245568
6727.4 0.8344285370729128
6727.9 0.8348313715440746
6728.5 0.8357034180305216
6729.099999999999 0.835223827042399
6729.6 0.8357111367589563
6730.2 0.8336306314977318
6730.8 0.834266631802114
6731.3 0.8324964470628939
6731.900000000001 0.8338490131775337
6732.5 0.8343513765086582
6733.0 0.8352170975705608
6733.6 0.8343455544396965
6734.2 0.8350095686526398
6734.700000000001 0.8351181500530742
6735.299999999999 0.8329665986472891
6735.8 0.8332723281809901
6736.4 0.8332793694477443
6737.0 0.8325489554148193
6737.5 0.832740030034296
6738.099999999999 0.8333638346797084
6738.7 0.8329574394882201
6739.2 0.8317272186117247
6739.8 0.8307393427795248
6740.4 0.8304291471507502
6740.900000000001 0.8336307550919856
6741.5 0.8330478523497257
6742.0 0.8296337478166766
6742.6 0.8332908941573935
6743.200000000001 0.8315225341940745
6743.7 0.8319640007953658
6744.299999999999 0.8331923604896547
6744.8 0.8333857768831383
6745.4 0.8306162969584985
6746.0 0.8305439549109611
6746.5 0.8340556032114382
6747.1 0.8311759602737961
6747.7 0.832350048366384
6748.200000000001 0.8302223453409798
6748.8 0.8306796039849342
6749.299999999999 0.8322131204062339
6749.9 0.8296101336741886
6750.5 0.8312886137758999
6751.0 0.8314524188395263
6751.599999999999 0.8307740088688838
6752.1 0.8297057572373694
6752.7 0.8306924556171672
6753.3 0.8298522044620387
6753.8 0.8294914024096784
6754.400000000001 0.8291105752114661
6754.9 0.8295029683416922
6755.5 0.8294016706210308
6756.0 0.8268622837928243
6756.599999999999 0.828307881052659
6757.200000000001 0.8280769027238261
6757.7 0.8279829008453199
6758.3 0.8272241564198093
6758.8 0.8279548282996178
6759.400000000001 0.8309109289707748
6760.0 0.8283740914891378
6760.5 0.8305540513179855
6761.1 0.8271941372444732
6761.599999999999 0.8264444372185781
6762.200000000001 0.8269857259324326
6762.7 0.828808422389608
6763.3 0.8283683903403791
6763.9 0.8293588518292973
6764.400000000001 0.8265956004315512
6765.0 0.8293936608424005
6765.5 0.8248928719327216
6766.1 0.8256583846285633
6766.599999999999 0.8286090482575216
6767.200000000001 0.8246074825601424
6767.7 0.8259860622761347
6768.3 0.8259449821771405
6768.9 0.825759393030079
6769.400000000001 0.8242640811791127
6770.0 0.8265912864981065
6770.5 0.8242894411339738
6771.1 0.8262841233087267
6771.599999999999 0.8253145623037109
6772.200000000001 0.8235029874758292
6772.7 0.8259876849898435
6773.3 0.826697451008668
6773.8 0.8252627093219672
6774.400000000001 0.825537331669605
6774.9 0.8246403268644876
6775.5 0.8240005442454842
6776.1 0.824467534344224
6776.599999999999 0.8264569599331627
6777.200000000001 0.8238901752982938
6777.7 0.823885012952407
6778.3 0.823153190644791
6778.8 0.8238406532007052
6779.400000000001 0.8236599776325437
6779.9 0.8230060644529452
6780.5 0.8239511711800965
6781.0 0.8230128325943022
6781.599999999999 0.8254488762150204
6782.1 0.8251995239843051
6782.7 0.8229595739849116
6783.200000000001 0.8229163875293531
6783.8 0.8215484976877525
6784.299999999999 0.8241309148844596
6784.9 0.8225826370704125
6785.4 0.8217106468030593
6786.0 0.8222461801065482
6786.5 0.8242017774537891
6787.1 0.8228949077515509
6787.6 0.8241874011167354
6788.200000000001 0.8208706908806818
6788.7 0.8225235813367169
6789.299999999999 0.8221159807555836
6789.8 0.8227465383152798
6790.4 0.8207855176138245
6790.900000000001 0.8225311824877934
6791.5 0.8228134991179105
6792.0 0.820735608627014
6792.6 0.8217931057328458
6793.099999999999 0.8221291736149309
6793.7 0.820673280899556
6794.2 0.8225796195077139
6794.8 0.8216136834533208
6795.299999999999 0.8209341577950454
6795.900000000001 0.8195530368953776
6796.4 0.8207778045664906
6796.900000000001 0.8220133643607233
6797.5 0.8216856329412167
6798.0 0.820903030960661
6798.6 0.8205712336651312
6799.099999999999 0.8218026033303599
6799.700000000001 0.8217741977843425
6800.2 0.8207330621750285
6800.8 0.82080506371139
6801.3 0.8227616648897416
6801.900000000001 0.8210791718320711
6802.4 0.8215253413087494
6803.0 0.8250663053485147
6803.5 0.819408740193712
6804.0 0.8209705967493617
6804.6 0.8215261052554003
6805.1 0.8203211584743467
6805.700000000001 0.8216335652906864
6806.2 0.8209265679772387
6806.799999999999 0.8210831459691149
6807.3 0.8211179597673092
6807.9 0.8202403277833785
6808.400000000001 0.8209037948540495
6808.9 0.8216183550264683
6809.5 0.8196767100470609
6810.0 0.8201024365262098
6810.599999999999 0.8215330428327218
6811.1 0.821471957033842
6811.7 0.8197849758893302
6812.200000000001 0.8214065386005747
6812.7 0.821763214988623
6813.3 0.8204415195710855
6813.8 0.823777722659419
6814.400000000001 0.8192095884323429
6814.9 0.8198886727976741
6815.4 0.820936517819006
6816.0 0.8206077388208008
6816.5 0.8218599197945268
6817.1 0.8221253969153246
6817.6 0.8211884424646838
6818.200000000001 0.8208968063078943
6818.7 0.8193406654390416
6819.2 0.8221316130599506
6819.8 0.8214588315925626
6820.299999999999 0.8214109520428298
6820.900000000001 0.8197496823231646
6821.4 0.820375017502373
6821.900000000001 0.8211390476909425
6822.5 0.8201171361154099
6823.0 0.8206876040895243
6823.6 0.820413743647286
6824.099999999999 0.8220097163127078
6824.6 0.8194006496630377
6825.2 0.8209398316944189
6825.700000000001 0.8204797133101778
6826.2 0.8219837783745845
6826.799999999999 0.823484228287993
6827.3 0.8204488175302712
6827.9 0.8184413161255581
6828.400000000001 0.8211503479795788
6828.9 0.8212021818603752
6829.5 0.8206128661372533
6830.0 0.8215492183803976
6830.5 0.8215002032765057
6831.1 0.8218370767242146
6831.599999999999 0.8228524934654743
6832.200000000001 0.8208068059465056
6832.7 0.8214192717152025
6833.200000000001 0.8218723408815701
6833.8 0.8219909459667163
6834.299999999999 0.8224589519338611
6834.8 0.8198107385975587
6835.4 0.821958834949588
6835.900000000001 0.8206209748453006
6836.4 0.8221057339915063
6837.0 0.8208897524703638
6837.5 0.8220027132428241
6838.0 0.8218858052771142
6838.6 0.8209470761709196
6839.099999999999 0.8220590651244393
6839.6 0.8219279198925348
6840.2 0.8192086599705048
6840.700000000001 0.8238772908509799
6841.3 0.8202449309323188
6841.799999999999 0.8233114735676778
6842.3 0.8217939424705428
6842.9 0.8248212576417658
6843.400000000001 0.8245807745622332
6843.9 0.8231651173784686
6844.400000000001 0.8226478352437265
6845.0 0.821968109052038
6845.5 0.8226634596541361
6846.0 0.8242247446025894
6846.599999999999 0.8211104042921344
6847.1 0.8208797387921688
6847.6 0.8216306003487629
6848.200000000001 0.8231181218985791
6848.7 0.8223014884580692
6849.2 0.8229952395421305
6849.8 0.8201972292384064
6850.299999999999 0.8246250973685304
6850.8 0.8228426094039546
6851.4 0.8231042154687307
6851.900000000001 0.8216738780331135
6852.4 0.8199776109679264
6852.9 0.8227719425664869
6853.5 0.8224417296886223
6854.0 0.8248157516979979
6854.5 0.8250740695508273
6855.1 0.8247527992887097
6855.599999999999 0.82306957167149
6856.1 0.82346827513752
6856.7 0.8231125070409313
6857.200000000001 0.8218762231861831
6857.7 0.8224656317215666
6858.200000000001 0.8221546417338399
6858.8 0.8237204977320276
6859.299999999999 0.8222676430140389
6859.8 0.8221491912543546
6860.4 0.8241514013498081
6860.900000000001 0.8238383205183283
6861.4 0.824488853320106
6861.900000000001 0.8211433529718205
6862.5 0.8245668771858649
6863.0 0.8216360426750386
6863.5 0.8227718337619659
6864.0 0.8221301265196513
6864.6 0.823159635220928
6865.1 0.8244598996253644
6865.599999999999 0.8214420401303149
6866.1 0.8241481951197396
6866.5 0.8229720934615248
6867.1 0.8250494753170319
6867.7 0.8227532655574021
6868.3 0.8249839895572401
6868.9 0.8253135338665152
6869.400000000001 0.8241694456512063
6870.0 0.8225451417381516
6870.599999999999 0.8243342507470144
6871.2 0.8229201963855192
6871.799999999999 0.8233176080262736
6872.4 0.8239621665065935
6872.9 0.825485239259544
6873.5 0.8244622661192057
6874.099999999999 0.8250668794739144
6874.700000000001 0.8236309383864122
6875.299999999999 0.826502961852215
6875.900000000001 0.8225646522679679
6876.4 0.8252417181514007
6877.0 0.8226878674409901
6877.6 0.8240350674866366
6878.200000000001 0.8211577044718861
6878.8 0.8232832952913128
6879.400000000001 0.8264537186227174
6879.9 0.8256199905122805
6880.5 0.8223429538437526
6881.1 0.8244781832685216
6881.7 0.8254678941958087
6882.3 0.8227116855818851
6882.9 0.8258940045401111
6883.400000000001 0.8257572713570894
6884.0 0.8224381353023804
6884.6 0.8250127895226654
6885.2 0.8237929585893053
6885.8 0.8244508453526322
6886.4 0.8243345925745813
6886.900000000001 0.8249994758675391
6887.5 0.8245708886425915
6888.099999999999 0.8233842727228031
6888.7 0.8231952637892911
6889.299999999999 0.824366472550604
6889.8 0.8233592540260154
6890.4 0.8255240097458184
6891.0 0.8246419013105795
6891.599999999999 0.822432394404995
6892.200000000001 0.8223286443341775
6892.799999999999 0.8225389756324475
6893.3 0.8234542429765137
6893.9 0.8254770436505751
6894.5 0.8204807680719666
6895.1 0.8226762351801554
6895.700000000001 0.825056140390007
6896.2 0.8214418007707256
6896.799999999999 0.8223170231922639
6897.4 0.8226098622181516
6898.0 0.8236947677140488
6898.6 0.8248069840940471
6899.099999999999 0.8231062662275156
6899.700000000001 0.8239309475890353
6900.299999999999 0.8218444960794269
6900.900000000001 0.8245945733289741
6901.4 0.822963812379029
6902.0 0.8212910054052516
6902.6 0.8218883645557163
6903.200000000001 0.8247598519023406
6903.8 0.8220853574788636
6904.299999999999 0.8236829581086048
6904.9 0.8223365857931215
6905.5 0.8239097527268541
6906.1 0.8225430539223538
6906.7 0.8214029397536432
6907.200000000001 0.8230959460117874
6907.799999999999 0.8238392294842773
6908.400000000001 0.8230288846661601
6909.0 0.8244702484343366
6909.5 0.8216942991430469
6910.1 0.8223710072653789
6910.700000000001 0.82325798341781
6911.3 0.8231366807228622
6911.900000000001 0.8236374236277174
6912.4 0.8221877061663094
6913.0 0.8228877211804629
6913.6 0.821377452799848
6914.2 0.8229139330679238
6914.700000000001 0.8226641832595557
6915.299999999999 0.8223836932655392
6915.900000000001 0.820661524761864
6916.5 0.8229311249590939
6917.0 0.8215785398203509
6917.6 0.8194388887291935
6918.200000000001 0.8220495473055176
6918.8 0.8229538372988658
6919.299999999999 0.8226001098275395
6919.9 0.8207153994860662
6920.5 0.824740096048358
6921.1 0.8227240266049785
6921.599999999999 0.8228943719225184
6922.200000000001 0.8215107413242655
6922.799999999999 0.8219652433744176
6923.400000000001 0.8237484785171979
6923.9 0.8209333531136224
6924.5 0.8218573047796854
6925.1 0.822565206613852
6925.700000000001 0.8221343267498322
6926.2 0.8246332752171096
6926.799999999999 0.8210092157389823
6927.4 0.8216806021802834
6928.0 0.8209561787308112
6928.5 0.8213023142429744
6929.099999999999 0.8220779858588726
6929.700000000001 0.8213797646076321
6930.299999999999 0.8203949315141963
6930.8 0.8218490639574729
6931.4 0.8220593339257357
6932.0 0.8224011170738373
6932.6 0.8209977646112852
6933.099999999999 0.8212384962594615
6933.7 0.8207204813381634
6934.299999999999 0.8221299656228772
6934.8 0.8198320125743817
6935.4 0.8220160345642165
6936.0 0.8229188793869556
6936.599999999999 0.8210177753279458
6937.1 0.8219093295710296
6937.7 0.8208881010938976
6938.3 0.821728868209309
6938.9 0.8217373576877557
6939.400000000001 0.8174500497709782
6940.0 0.8208021146760945
6940.599999999999 0.8188827821673023
6941.1 0.8214353589154989
6941.7 0.8189131221544449
6942.3 0.8214285195552168
6942.9 0.8207836452431551
6943.400000000001 0.8174327113622004
6944.0 0.8193032556318763
6944.6 0.8195811097138722
6945.1 0.8171973372655211
6945.700000000001 0.8179765008714935
6946.3 0.8197584748125321
6946.799999999999 0.8205616243105764
6947.4 0.8193703931087217
6948.0 0.8176162588993194
6948.6 0.8192309810533006
6949.099999999999 0.8200304733270077
6949.700000000001 0.8210405196879436
6950.299999999999 0.8191068723782425
6950.8 0.8194767373378714
6951.4 0.819690911566306
6952.0 0.818011614320064
6952.5 0.8193940081094184
6953.099999999999 0.8179518240963946
6953.7 0.8195126001366096
6954.299999999999 0.8171726954368267
6954.8 0.8188958466353312
6955.4 0.816021062244196
6956.0 0.8152365884667702
6956.5 0.8177621152026131
6957.1 0.818990395343696
6957.7 0.8189805954582406
6958.200000000001 0.8177317502340119
6958.8 0.8188222192623681
6959.400000000001 0.8183199649481996
6959.9 0.815759262116581
6960.5 0.816217587680931
6961.1 0.8154963248012083
6961.599999999999 0.817708084982393
6962.200000000001 0.816493317408787
6962.799999999999 0.8155987227859443
6963.3 0.8154109851766947
6963.9 0.8173603432991708
6964.5 0.8150823727136461
6965.0 0.8187583758853607
6965.599999999999 0.8159834362172909
6966.2 0.815631820370559
6966.7 0.8151330476100745
6967.3 0.8172262363774184
6967.9 0.8159471345626209
6968.400000000001 0.8163573684431991
6969.0 0.8146977097276649
6969.6 0.8152734046616825
6970.1 0.813546527208799
6970.700000000001 0.8148160304951736
6971.3 0.816391917163699
6971.799999999999 0.8160530024311482
6972.4 0.8146206018637023
6973.0 0.8157139168838485
6973.5 0.8186276487260687
6974.099999999999 0.8135396193779076
6974.6 0.8163979173275995
6975.2 0.813820555999342
6975.8 0.8155566212145877
6976.3 0.8146620538415448
6976.900000000001 0.8150531170373506
6977.5 0.8123341108108237
6978.0 0.814276683030375
6978.6 0.8144927874764479
6979.2 0.8135535946178415
6979.700000000001 0.8152575562190726
6980.299999999999 0.8159066073039708
6980.8 0.8142261234486327
6981.4 0.8132050717617179
6982.0 0.8129777142505697
6982.5 0.8123887546906282
6983.099999999999 0.8133444257280887
6983.7 0.8136945482331552
6984.2 0.8121301268499054
6984.8 0.8136358280835854
6985.299999999999 0.812485880750573
6985.900000000001 0.8132860224266273
6986.5 0.8120296107684752
6987.0 0.8150784406203333
6987.6 0.8135775016455223
6988.200000000001 0.8128146689188276
6988.7 0.8151778006798839
6989.299999999999 0.8158123834026222
6989.8 0.8140126566488822
6990.4 0.811764594234154
6991.0 0.8135474167882653
6991.5 0.8142905359809635
6992.1 0.8138063770178436
6992.6 0.8132688732820254
6993.200000000001 0.8132663695961635
6993.8 0.8130319170329559
6994.299999999999 0.8130089819114664
6994.9 0.8099360744050148
6995.4 0.8132798701202307
6996.0 0.8103544781381102
6996.599999999999 0.8131953743628827
6997.1 0.8127561417046572
6997.7 0.8143122658113661
6998.200000000001 0.8108099161149418
6998.8 0.8118331202030948
6999.400000000001 0.8124324129313193
6999.9 0.8125309277482742
7000.5 0.8118602451315164
7001.0 0.8128616426238445
7001.599999999999 0.8105035346218511
7002.200000000001 0.8110228270044396
7002.7 0.811941918441692
7003.3 0.8121109739136727
7003.8 0.8110267726558854
7004.400000000001 0.8095581171806002
7004.9 0.8095010831877173
7005.5 0.8111975290871865
7006.1 0.811524910498907
7006.599999999999 0.8095139793843392
7007.200000000001 0.8098378765034691
7007.7 0.8091722994005442
7008.3 0.8092264978146262
7008.8 0.8080905117775374
7009.400000000001 0.8094230027324325
7010.0 0.8101454122495
7010.5 0.8089643071154674
7011.1 0.8091857858891223
7011.599999999999 0.8111723790057841
7012.200000000001 0.8083841667598751
7012.7 0.8097826818096769
7013.3 0.8099614176398354
7013.8 0.8093035100219345
7014.400000000001 0.8081673665459905
7015.0 0.8084812843361918
7015.5 0.808024029641185
7016.1 0.8077302128327813
7016.599999999999 0.8091083082547152
7017.200000000001 0.8071285941728372
7017.7 0.8080233963995208
7018.3 0.8078674525278904
7018.8 0.8086671789587802
7019.400000000001 0.8086916991057224
7019.9 0.8084922882919712
7020.5 0.8087415274250254
7021.1 0.8065302301797965
7021.599999999999 0.8065162834508975
7022.200000000001 0.8063680684275532
7022.7 0.8077899730072987
7023.3 0.8072482084420723
7023.8 0.8061818416531303
7024.400000000001 0.8088600972499476
7024.9 0.807148094576376
7025.5 0.8082230789894386
7026.0 0.8075337985415652
7026.599999999999 0.80592882803388
7027.1 0.8064183411074801
7027.7 0.8056595970220153
7028.200000000001 0.8054668404148287
7028.8 0.8052843832120696
7029.400000000001 0.8077611986940142
7029.9 0.8059761461583604
7030.5 0.8076445572270388
7031.0 0.8045899761491163
7031.599999999999 0.807238483915485
7032.1 0.8068440400783689
7032.7 0.8063526657986353
7033.200000000001 0.8045209635228292
7033.8 0.8074433814414028
7034.299999999999 0.8047319250719756
7034.9 0.8072020845877855
7035.4 0.8051417149206067
7036.0 0.807330966917393
7036.5 0.8066018890717884
7037.1 0.8050862632365001
7037.6 0.806279805830236
7038.200000000001 0.8046933834209995
7038.7 0.8080748262534467
7039.299999999999 0.8043179494994359
7039.8 0.8054284956970825
7040.4 0.8034336626991099
7040.900000000001 0.804244750921211
7041.5 0.8053404261908802
7042.0 0.8064641866044975
7042.6 0.8040919311742564
7043.099999999999 0.8047327846020295
7043.7 0.8051535968326949
7044.2 0.8046610895173202
7044.8 0.8032905527524222
7045.299999999999 0.8040820469204415
7045.900000000001 0.8064750056232041
7046.4 0.8055288888370349
7046.900000000001 0.8050042777554862
7047.5 0.8050200400380289
7048.0 0.8059130075243076
7048.6 0.8033873852025292
7049.099999999999 0.8042767895646795
7049.700000000001 0.8035583282168266
7050.2 0.8046870971185585
7050.8 0.8031553151353638
7051.3 0.8049470557017581
7051.900000000001 0.8048988382560257
7052.4 0.8029957011812973
7053.0 0.8054695096325397
7053.5 0.8045735769906698
7054.099999999999 0.8039112743551635
7054.6 0.8042494479889473
7055.1 0.8053199975652015
7055.700000000001 0.8040131240488112
7056.2 0.8049492634443525
7056.799999999999 0.8032021897360477
7057.3 0.8046359147389522
7057.9 0.8018427963956637
7058.400000000001 0.8031243310563163
7059.0 0.8051114507155147
7059.5 0.8035256751357575
7060.1 0.8045300084258341
7060.599999999999 0.8043401535978079
7061.1 0.8039028602451158
7061.7 0.8039216844380918
7062.200000000001 0.804279225947875
7062.799999999999 0.804991465000945
7063.3 0.8036483327052321
7063.9 0.8011721776874365
7064.400000000001 0.8048358840185762
7064.9 0.803383309075807
7065.5 0.800877568958263
7066.0 0.8054392297177804
7066.599999999999 0.8021891160631905
7067.1 0.8041916162579995
7067.7 0.8026465902947237
7068.200000000001 0.8017281104335705
7068.7 0.8033190994088514
7069.299999999999 0.8013937860881905
7069.8 0.8037874864774107
7070.4 0.8014687453732123
7070.900000000001 0.8015195613027166
7071.5 0.8020388459293895
7072.0 0.8022162738213047
7072.5 0.8019017970992662
7073.099999999999 0.8031908792970458
7073.6 0.8009485526098571
7074.2 0.8054934653430748
7074.700000000001 0.8012227346929456
7075.2 0.8021074079057231
7075.8 0.8020275521339275
7076.3 0.801875395150664
7076.900000000001 0.7996994191324487
7077.4 0.8019482134966371
7077.9 0.8009702171877782
7078.5 0.8010345411877813
7079.0 0.7979752572805989
7079.6 0.8008570622252043
7080.1 0.8001116782913761
7080.599999999999 0.799492915317617
7081.2 0.7991291441395069
7081.7 0.7970718731485139
7082.3 0.7989504289066075
7082.799999999999 0.7997008285568388
7083.3 0.7980701883747368
7083.9 0.7994619473866915
7084.400000000001 0.7978141266286682
7085.0 0.7988415543715117
7085.5 0.7974074022756813
7086.0 0.7993158328613752
7086.599999999999 0.7955878395292855
7087.1 0.7943287577870106
7087.6 0.7967234266954895
7088.200000000001 0.79649892849654
7088.7 0.7937716249767551
7089.299999999999 0.7957869722924021
7089.8 0.7929787750698125
7090.299999999999 0.7931624182843628
7090.900000000001 0.7920969292382996
7091.4 0.7922853356930981
7091.900000000001 0.7926126910916294
7092.5 0.7911968356784312
7093.0 0.7913169839166277
7093.5 0.787957636467424
7094.099999999999 0.7916278477103721
7094.6 0.7893066384770141
7095.2 0.7904736888364249
7095.700000000001 0.7877253967577467
7096.2 0.7880590342009729
7096.799999999999 0.7862646650481514
7097.3 0.7849905613938183
7097.799999999999 0.7868223107923219
7098.400000000001 0.787861197652908
7098.9 0.7842465586718637
7099.400000000001 0.7838191178509047
7100.0 0.7844933111483773
7100.5 0.7858326169949048
7101.0 0.781723557396918
7101.599999999999 0.7842670927628259
7102.1 0.7813611148888912
7102.6 0.7811152520129147
7103.200000000001 0.7812983268021652
7103.7 0.779927156711206
7104.2 0.7784577421441704
7104.8 0.7771887858032493
7105.299999999999 0.7779434485705652
7105.8 0.7749788447188872
7106.4 0.7762614661495526
7106.900000000001 0.7750765356141314
7107.4 0.7733061585034982
7108.0 0.771529930771589
7108.5 0.7693065424010879
7109.0 0.7721264484587546
7109.6 0.7705695992043027
7110.1 0.7681275357377549
7110.599999999999 0.7688001967809566
7111.1 0.7675658477332079
7111.7 0.7672013741809782
7112.200000000001 0.7658292451868753
7112.7 0.7669663336768839
7113.3 0.7631685923594281
7113.8 0.7621604107078963
7114.299999999999 0.7604884259346587
7114.9 0.7608490620077256
7115.4 0.7582997233169273
7115.900000000001 0.758548351177557
7116.5 0.7552683111433803
7117.0 0.75655162703774
7117.5 0.7544110083431609
7118.0 0.7541082900209691
7118.6 0.754440269315834
7119.099999999999 0.7524596365855382
7119.6 0.749323155621282
7120.2 0.7507055036018146
7120.700000000001 0.7471003949043145
7121.2 0.7466356464457058
7121.7 0.7461833834992783
7122.3 0.7437328178522257
7122.799999999999 0.7432345645006306
7123.3 0.7424547567248324
7123.9 0.7430015843128311
7124.400000000001 0.7404395077324579
7124.9 0.7389542807346954
7125.4 0.738478100628179
7126.0 0.7386113620202222
7126.5 0.7349039126459939
7127.0 0.7341011424755897
7127.5 0.7338787757281365
7128.099999999999 0.7326391908393218
7128.6 0.731712778537911
7129.099999999999 0.7301774923877142
7129.6 0.7288914969570752
7130.2 0.7289012180352598
7130.700000000001 0.7255693901803723
7131.2 0.7238834527131991
7131.7 0.7229112866646257
7132.3 0.7237650340993831
7132.799999999999 0.7213777720302169
7133.3 0.7208141522253873
7133.8 0.7190729869632738
7134.400000000001 0.71703100372918
7134.9 0.7165470888808003
7135.4 0.7141442593169409
7135.900000000001 0.712529589865701
7136.5 0.7121366966813631
7137.0 0.7094766595447717
7137.5 0.7109083499362255
7138.0 0.7083911415736589
7138.6 0.7073011720432923
7139.099999999999 0.7054319320514904
7139.6 0.7041866886156173
7140.1 0.7059646401923227
7140.700000000001 0.7033796361779433
7141.2 0.701358194785132
7141.7 0.700580929626971
7142.200000000001 0.6970506090110208
7142.7 0.6989525790739107
7143.3 0.6979108767391946
7143.8 0.6952961257512708
7144.299999999999 0.6943896530540533
7144.8 0.6916974281756036
7145.4 0.6903170980186654
7145.900000000001 0.6898571780271738
7146.4 0.6886894186226235
7146.900000000001 0.6877772539972271
7147.4 0.6851094628732811
7148.0 0.6833875382466069
7148.5 0.6826203337876751
7149.0 0.6805781371200241
7149.5 0.679443431191803
7150.0 0.6779287294543045
7150.599999999999 0.6792045758513515
7151.1 0.677749287308936
7151.599999999999 0.6743802648778178
7152.1 0.6749081235690716
7152.6 0.6731177743619039
7153.200000000001 0.6713669027132767
7153.7 0.6704127833103651
7154.2 0.6696566079248287
7154.700000000001 0.6676489021048624
7155.2 0.66631509517512
7155.8 0.6652255400644145
7156.3 0.6637333630210933
7156.799999999999 0.6651288535305656
7157.3 0.6607961084897332
7157.799999999999 0.6594543566736965
7158.3 0.6585460073495619
7158.9 0.6566929825283906
7159.400000000001 0.6554375192137117
7159.9 0.6574201361010986
7160.4 0.6529766806060776
7160.900000000001 0.6539865454722699
7161.4 0.6531960949466304
7162.0 0.6528232327789746
7162.5 0.6484970710034973
7163.0 0.646455427546969
7163.5 0.6457885035582671
7164.0 0.6459544884247577
7164.5 0.6432833914359248
7165.1 0.6426035597650206
7165.599999999999 0.6400101124636312
7166.1 0.6402265031441797
7166.599999999999 0.6388556476853696
7167.1 0.6360915201957333
7167.6 0.6370968412035645
7168.200000000001 0.6345020124978634
7168.7 0.6329252667239922
7169.2 0.631447752795438
7169.700000000001 0.6298614328926893
7170.2 0.6296768513143322
7170.700000000001 0.6268151460343226
7171.2 0.6252893715633733
7171.7 0.625102199980463
7172.3 0.623891498800533
7172.799999999999 0.6216772101476707
7173.3 0.6205007650510065
7173.8 0.6176304225171891
7174.299999999999 0.6179438517664999
7174.8 0.6153481542057704
7175.299999999999 0.6142080712593843
7175.900000000001 0.6109277457947757
7176.4 0.6116393488415991
7176.900000000001 0.6097724113911663
7177.4 0.6064848438923408
7177.9 0.6052633382957566
7178.400000000001 0.6045426190333707
7178.9 0.60255514971286
7179.400000000001 0.5997734604604831
7179.9 0.5997446342528979
7180.5 0.5970190018288923
7181.0 0.5940495749636318
7181.5 0.593775124912629
7182.0 0.5911476523954939
7182.5 0.5891359548890195
7183.0 0.5867712780677337
7183.5 0.5860945252763993
7184.0 0.5824303568003786
7184.5 0.5791998068256234
7185.0 0.5795358264406686
7185.599999999999 0.5753750343623061
7186.1 0.5729399587599144
7186.599999999999 0.5702153056332657
7187.1 0.5690647020535198
7187.6 0.5655344402679632
7188.099999999999 0.563665565536265
7188.6 0.5613960884613899
7189.099999999999 0.5577478081115236
7189.6 0.5553437785858819
7190.1 0.5537382380452567
7190.599999999999 0.5503032546142389
7191.2 0.5480894923230355
7191.7 0.5446174309440712
7192.200000000001 0.5426792925925603
7192.7 0.5398356035039454
7193.200000000001 0.5361039958201282
7193.7 0.5333915478708616
7194.2 0.5286350809718742
7194.700000000001 0.5256229619992978
7195.2 0.5228579083360002
7195.700000000001 0.5190558258737269
7196.2 0.5160782105183344
7196.7 0.513114530294806
7197.200000000001 0.5094371689767516
7197.7 0.5050955927821442
7198.200000000001 0.5013033573289387
7198.7 0.4981025240723387
7199.299999999999 0.49308117142474894
7199.8 0.4908741323414332
7200.299999999999 0.48621342099301124
7200.8 0.48242896150783976
7201.3 0.47863722032512684
7201.799999999999 0.4740265129187489
7202.3 0.4695017988208016
7202.799999999999 0.4650378122980512
7203.3 0.4615465311260665
7203.8 0.45669315495555757
7204.299999999999 0.45253352271691855
7204.8 0.44784277925054344
7205.299999999999 0.4446091314011664
7205.8 0.4397552842193847
7206.3 0.43592471927885357
7206.799999999999 0.4299468813971121
7207.3 0.4259094175003156
7207.799999999999 0.42109148384862827
7208.3 0.4165434253659769
7208.8 0.4118312357052857
7209.299999999999 0.4068922648999674
7209.8 0.4019033484866055
7210.299999999999 0.39722318113428884
7210.8 0.39171398008894664
7211.3 0.38668544408178007
7211.799999999999 0.3826077072210414
7212.3 0.3767297166794985
7212.799999999999 0.3722397780371361
7213.3 0.3671582769370797
7213.8 0.36282556482829825
7214.299999999999 0.35716877486837006
7214.8 0.35163948890721025
7215.299999999999 0.34766734127592386
7215.8 0.3428329177250763
7216.3 0.33760840287618293
7216.799999999999 0.33246674093252554
7217.3 0.3282006339154065
7217.799999999999 0.322655502375335
7218.3 0.31697698793017554
7218.8 0.3125804628706673
7219.299999999999 0.3075572620447643
7219.8 0.30254107883090275
7220.299999999999 0.2983885796160411
7220.8 0.29287218939973897
7221.3 0.2878882411562575
7221.799999999999 0.2833254443658169
7222.3 0.27850952529135775
7222.799999999999 0.2734991640374201
7223.3 0.26894008414206094
7223.8 0.2649419633329633
7224.299999999999 0.2594738866258968
7224.8 0.2552530328226871
7225.299999999999 0.25085186493679523
7225.8 0.2461004039267836
7226.3 0.24195450741804678
7226.799999999999 0.23780737035871297
7227.3 0.23298457700346611
7227.799999999999 0.22860225424379918
7228.3 0.22482832139593198
7228.8 0.2204189842234924
7229.299999999999 0.21623665576599002
7229.8 0.21220984169272136
7230.299999999999 0.20777528675569282
7230.700000000001 0.20333832845439578
7231.2 0.19994201757351315
7231.7 0.19628753713139133
7232.200000000001 0.1922344257312407
7232.7 0.18858926982663946
7233.200000000001 0.1848987035261035
7233.7 0.1815893678614497
7234.2 0.17801980557377325
7234.700000000001 0.17426825700740892
7235.2 0.1709260552266044
7235.700000000001 0.16725436184610087
7236.2 0.16367066117675613
7236.7 0.16026811879415598
7237.200000000001 0.15692696454493354
7237.7 0.15398581621578145
7238.099999999999 0.15104823089272074
7238.6 0.14794398581785226
7239.099999999999 0.1448475283933081
7239.6 0.14192824891201095
7240.1 0.13929793493415923
7240.599999999999 0.13622044414146978
7241.1 0.13342520691253174
7241.599999999999 0.13042719476928116
7242.1 0.12798434437408102
7242.6 0.12500280148158577
7243.099999999999 0.12248494972492983
7243.6 0.12008633235384963
7244.0 0.11740714187901972
7244.5 0.1153645050382558
7245.0 0.11260328940928084
7245.5 0.11028028613835332
7246.0 0.10837789981668883
7246.5 0.1058622598482987
7247.0 0.10369506580072727
7247.5 0.10161394726343456
7248.0 0.09922572815452112
7248.400000000001 0.09727239989350651
7248.9 0.09534814108431405
7249.400000000001 0.09353417120155487
7249.9 0.09159182640471022
7250.4 0.08941918487240812
7250.900000000001 0.0877978777424065
7251.4 0.08597999555586276
7251.900000000001 0.08445289990211452
7252.4 0.08261543502742838
7252.799999999999 0.08078829825749131
7253.3 0.07916709133360586
7253.8 0.07755148144297956
7254.299999999999 0.07591381172856827
7254.8 0.07450345284024311
7255.299999999999 0.07289976187449751
7255.8 0.07145712800515629
7256.2 0.07007551079388083
7256.7 0.06858359881048612
7257.200000000001 0.06724638538778237
7257.7 0.06603958724759015
7258.200000000001 0.06462860493475928
7258.7 0.06332378678416557
7259.2 0.06152782967579267
7259.6 0.06071866339080059
7260.1 0.059587501063011666
7260.599999999999 0.058156009701203326
7261.1 0.057171115202734296
7261.599999999999 0.055993743613015054
7262.1 0.05463435984835589
7262.5 0.053749937648518986
7263.0 0.05279912710518394
7263.5 0.05186203404419773
7264.0 0.050618932193795166
7264.5 0.04962888130751992
7265.0 0.04860895945405381
7265.4 0.04766891180523639
7265.900000000001 0.04676019471757614
7266.4 0.04615451648403135
7266.900000000001 0.04496765003344867
7267.4 0.044262959015351516
7267.9 0.04342209988652952
7268.3 0.04246370100207112
7268.8 0.04174871984515943
7269.299999999999 0.04100360239743799
7269.8 0.04028425524006159
7270.299999999999 0.03932982994296857
7270.700000000001 0.03863167903458644
7271.2 0.03772252409677499
7271.7 0.037111311442700155
7272.200000000001 0.03642472573717113
7272.7 0.0358033146464157
7273.099999999999 0.03516491490897938
7273.6 0.03443099730715714
7274.099999999999 0.033737339807692876
7274.6 0.03328556085437294
7275.1 0.03258577496430345
7275.5 0.031970519391481475
7276.0 0.03146409838837452
7276.5 0.030756402913443726
7277.0 0.030228652072169696
7277.5 0.029674885425267746
7277.9 0.029173063714810623
7278.400000000001 0.028670870262590187
7278.9 0.028089074158901606
7279.400000000001 0.027694402263329677
7279.8 0.027189893716331674
7280.299999999999 0.02668891522113511
7280.8 0.026229115871246995
7281.3 0.025717277862922595
7281.799999999999 0.025216674605780264
7282.200000000001 0.024754242865919512
7282.7 0.024321700029516138
7283.200000000001 0.024013314987771765
7283.7 0.02348493355849638
7284.099999999999 0.02308852806446404
7284.6 0.022646752571704423
7285.1 0.0222774556391623
7285.599999999999 0.021933577100260754
7286.0 0.02162458024084271
7286.5 0.02113400941943674
7287.0 0.02090902124259427
7287.5 0.020417459431690432
7287.9 0.020030904352963556
7288.400000000001 0.01977504302754976
7288.9 0.019402847873590975
7289.400000000001 0.01908785422601536
7289.8 0.018799920887362077
7290.299999999999 0.018383895170189946
7290.8 0.018188855959111683
7291.3 0.01779661535834404
7291.7 0.017556151365105917
7292.200000000001 0.017287122763823846
7292.7 0.016997457002410673
7293.200000000001 0.016643590493736864
7293.6 0.01632440836710084
7294.099999999999 0.016111019135635875
7294.6 0.015857256126113984
7295.0 0.01557989340737286
7295.5 0.015415993730606776
7296.0 0.015083025320246586
7296.5 0.014844907805719003
7296.900000000001 0.01460938753785038
7297.4 0.01437739590612837
7297.9 0.014169506795258245
7298.3 0.013922358178361637
7298.8 0.013791977337985586
7299.299999999999 0.013453964854202433
7299.700000000001 0.013312961094486394
7300.2 0.013043811549377973
7300.700000000001 0.012738690291341503
7301.2 0.012664513146423122
7301.599999999999 0.012422287872642325
7302.1 0.012287161533921192
7302.6 0.012184969843882298
7303.0 0.01192991244743352
7303.5 0.011694056357829994
7304.0 0.011527398594316467
7304.400000000001 0.011260736775018999
7304.9 0.011175055009043661
7305.4 0.01091732867169764
7305.8 0.010849403031250282
7306.3 0.010643812572247766
7306.799999999999 0.010499919100100502
7307.200000000001 0.01027945041126784
7307.7 0.010203739506180294
7308.200000000001 0.009973321204832429
7308.6 0.009928756652309733
7309.099999999999 0.009722379996532093
7309.6 0.009527789032854015
7310.0 0.00939046068488228
7310.5 0.009294237918786932
7311.0 0.009201148111884057
7311.4 0.008978284066405842
7311.900000000001 0.008850713998183568
7312.4 0.00872004906161725
7312.799999999999 0.008634132825062575
7313.3 0.008564861262140268
7313.8 0.00839854287512579
7314.2 0.008324170649342513
7314.700000000001 0.008185213447258243
7315.2 0.00811384495710145
7315.599999999999 0.007959011019888019
7316.1 0.007856050552042065
7316.599999999999 0.007736579210807222
7317.0 0.0076359386781697765
7317.5 0.007460939479049751
7317.9 0.007366319705644052
7318.400000000001 0.007261532705105388
7318.9 0.0072211738644071795
7319.299999999999 0.007055481992351838
7319.8 0.006956251941583306
7320.299999999999 0.006940585011156785
7320.700000000001 0.006814926001902204
7321.2 0.0066659540824729625
7321.599999999999 0.006557790992928845
7322.1 0.006534724558591601
7322.6 0.006411876539456126
7323.0 0.0062891593351368826
7323.5 0.006147450527071468
7324.0 0.006227776785142412
7324.400000000001 0.006013720539605438
7324.9 0.005970619552785318
7325.299999999999 0.005865920484662297
7325.8 0.005781942532110325
7326.3 0.0057345674799285755
7326.7 0.005668169865556332
7327.200000000001 0.005644961308932398
7327.6 0.005535783937582746
7328.099999999999 0.005400947238566567
7328.5 0.005316664865441338
7329.0 0.005323850355161374
7329.5 0.005219896603038191
7329.9 0.0051901368657695434
7330.4 0.005064703748101157
7330.8 0.005006046188432003
7331.3 0.004943726514458443
7331.799999999999 0.004899813734767285
7332.200000000001 0.004792208607795173
7332.7 0.0048247551326555844
7333.099999999999 0.0046603242407546154
7333.6 0.004647259464558064
7334.0 0.004625441461397379
7334.5 0.0045887406589187555
7335.0 0.004495694799987652
7335.4 0.004467923537377517
7335.900000000001 0.004277974441470478
7336.3 0.004323749297786384
7336.799999999999 0.004249374303129548
7337.200000000001 0.0042283119581479015
7337.7 0.004119111832927201
7338.099999999999 0.00400618235815998
7338.6 0.004085295425724069
7339.099999999999 0.003976611510739136
7339.5 0.0039954208956983536
7340.0 0.0038955888417323086
7340.4 0.0038480833692670475
7340.900000000001 0.003760206328269829
7341.3 0.0037670990188258726
7341.799999999999 0.0037677239357690744
7342.200000000001 0.0036770778162879664
7342.7 0.0035875848355961565
7343.099999999999 0.0035728687163070513
7343.6 0.0035544211708730994
7344.0 0.0035220835048695573
7344.5 0.0034264677271578538
7345.0 0.0033656687705610443
7345.4 0.003359341661266366
7345.900000000001 0.003290487516997403
7346.3 0.0032898890227417853
7346.799999999999 0.003276765872214356
7347.200000000001 0.0032457135535709156
7347.7 0.003242358455358236
7348.099999999999 0.0031097666642488815
7348.6 0.0031406845356802076
7349.0 0.0030283732680591313
7349.5 0.0029877520030040555
7349.9 0.0030592143579177777
7350.4 0.002985814503752597
7350.8 0.0029059291576314294
7351.3 0.002863942999593853
7351.7 0.002843474927265298
7352.200000000001 0.002821461019312817
7352.6 0.002734549685766868
7353.099999999999 0.0027355871604028584
7353.5 0.0027853862470798717
7354.0 0.0027553377313260883
7354.400000000001 0.00260732204888473
7354.9 0.0025843621758890743
7355.299999999999 0.0025946136492580743
7355.8 0.0025246843777005823
7356.2 0.002574054120004654
7356.599999999999 0.0024916178942574405
7357.1 0.0024612971137367833
7357.5 0.0024729751892307596
7358.0 0.0024526143536759055
7358.400000000001 0.0024081283376614277
7358.9 0.0023576832836531866
7359.299999999999 0.002371497259142671
7359.8 0.0023457025401135744
7360.2 0.002329192038515591
7360.700000000001 0.002316196461683098
7361.1 0.0022823996753959064
7361.599999999999 0.0022165946498189848
7362.0 0.002191098983191271
7362.4 0.0022044433422205648
7362.9 0.0021933578539536603
7363.3 0.002130933379765868
7363.8 0.0020886050778208976
7364.2 0.0021232582889359553
7364.700000000001 0.002119284665802819
7365.1 0.002102567255814101
7365.599999999999 0.0020119730162143834
7366.0 0.0019791729692813682
7366.4 0.002001988292828639
7366.900000000001 0.001959694117679806
7367.3 0.0019368425376808935
7367.799999999999 0.0018988192074046678
7368.200000000001 0.0019410313634718457
7368.7 0.001915782300406134
7369.099999999999 0.0019471016075917383
7369.5 0.00172180167751255
7370.0 0.001818606340932034
7370.4 0.0018459052147654159
7370.900000000001 0.0018265852458995864
7371.3 0.0018143945618057094
7371.799999999999 0.0018085560670395783
7372.200000000001 0.0017226132742192799
7372.6 0.0017019233329345661
7373.099999999999 0.0017480948373252635
7373.5 0.0016725755894681272
7374.0 0.0016965282556038134
7374.400000000001 0.00164087433298629
7374.8 0.0016483162678207833
7375.299999999999 0.0016250129280681337
7375.700000000001 0.0015594549740142916
7376.2 0.0016030148000815694
7376.599999999999 0.0016024259488590352
7377.0 0.0016160085360696103
7377.5 0.0015705175222762032
7377.9 0.0014712200441629082
7378.3 0.0015391196610370168
7378.8 0.0014957713139389331
7379.2 0.0014508045408525643
7379.700000000001 0.0015170094448304322
7380.1 0.0014713402760420477
7380.5 0.0015375603867837891
7381.0 0.0014852607149337103
7381.4 0.0013994844629880406
7381.799999999999 0.0013748404190111177
7382.3 0.0014346498469322622
7382.7 0.0014005694447803098
7383.200000000001 0.0014070479874442143
7383.6 0.0013692006329642378
7384.0 0.001327820430889208
7384.5 0.0013576549063302773
7384.9 0.0012886877620529277
7385.299999999999 0.0013633532135355463
7385.8 0.001296022799128412
7386.2 0.0012659825497908887
7386.599999999999 0.0013168184069015224
7387.1 0.0013103332002138606
7387.5 0.0013015154868641662
7387.9 0.0013221642840213139
7388.400000000001 0.0012522766396557323
7388.8 0.0012752824415929588
7389.2 0.0011894071141140814
7389.700000000001 0.0012797864348054716
7390.1 0.0012599005321762132
7390.5 0.001195487147409713
7391.0 0.001240140219327692
7391.4 0.001226857876548877
7391.799999999999 0.0012053330434655199
7392.3 0.0011785634462636897
7392.7 0.0012259850117178962
7393.099999999999 0.00120887719626016
7393.6 0.001208451515163356
7394.0 0.0011642798649636609
7394.400000000001 0.0012166204399939927
