# "Wavelength (A)" "Eff. trans."
3676.0 0.0032134515174535045
3677.0 0.0033685479914971773
3678.0 0.0029728740615417703
3679.0 0.003148939698034925
3680.0 0.0032873231763338915
3681.0 0.003028793723169789
3682.0 0.003055091209841032
3683.0 0.0031341255144950973
3684.0 0.003216284934716672
3685.0 0.0030339879456446656
3686.0 0.0029513667824532836
3687.0 0.0032404968169347445
3688.0 0.0028727831383039398
3689.0 0.0028821647094730424
3690.0 0.0025969110606592753
3691.0 0.0029754770868920108
3692.0 0.002961666390035738
3693.0 0.002825046948331996
3694.0 0.0026625970000597144
3695.0 0.0030536572553711157
3696.0 0.0028288370072176894
3697.0 0.002996805523025277
3698.0 0.0031239264955639934
3699.0 0.00306205723555975
3700.0 0.0028458417133312383
3701.0 0.0030848002831405335
3702.0 0.0028837190003442605
3703.0 0.003077384638720735
3704.0 0.002820114222873238
3705.0 0.0030938537310765354
3706.0 0.0028183820744362327
3707.0 0.0030008351191111574
3708.0 0.0028795489586652253
3709.0 0.0029336457278685323
3710.0 0.0028102219470143683
3711.0 0.002755889606538445
3712.0 0.0027922559158774225
3713.0 0.002812651661275694
3714.0 0.003101625704502241
3715.0 0.0029776132087531403
3716.0 0.002830755652228649
3717.0 0.0027473343446040143
3718.0 0.0028437467824522886
3719.0 0.0033009834206317885
3720.0 0.0026204677429759586
3721.0 0.00287856496795026
3722.0 0.0026651134403122244
3723.0 0.0026251621018028126
3724.0 0.0026030307666419675
3725.0 0.0027535402239593095
3726.0 0.0027140448394935737
3727.0 0.002820873898233547
3728.0 0.002612506138223875
3729.0 0.002725235901249632
3730.0 0.002726585424741003
3731.0 0.0030800163845083983
3732.0 0.002734938077832835
3733.0 0.0028480636618920005
3734.0 0.002782070147550192
3735.0 0.0029641883446203847
3736.0 0.002919293350862344
3737.0 0.0026672805208532223
3738.0 0.002742867041303032
3739.0 0.0026798915177736987
3740.0 0.0026125583638047533
3741.0 0.0029327734214532027
3742.0 0.0025176402575928882
3743.0 0.002795745180491553
3744.0 0.002648321108610903
3745.0 0.0026319758388635575
3746.0 0.0026137661864988346
3747.0 0.0024915724892323344
3748.0 0.0028188782353936663
3749.0 0.002543578507317434
3750.0 0.0027009709744702077
3751.0 0.0025895107568808125
3752.0 0.002917398173476986
3753.0 0.002713905341864682
3754.0 0.0025742636064819534
3755.0 0.00254525522270193
3756.0 0.0025593375054175386
3757.0 0.0026567108639298704
3758.0 0.0025272963422102437
3759.0 0.002226872408680987
3760.0 0.002614126425063761
3761.0 0.002376412146660526
3762.0 0.002590681712218221
3763.0 0.0026139322791153296
3764.0 0.0026716243698960106
3765.0 0.0026010044275543037
3766.0 0.0025815029412473997
3767.0 0.0024135044318034046
3768.0 0.0026240959945318704
3769.0 0.002715754145903509
3770.0 0.002477088820377631
3771.0 0.0023348510832381705
3772.0 0.0026084313267365016
3773.0 0.002503369363071491
3774.0 0.00249035536397904
3775.0 0.002575304704891433
3776.0 0.002429155137333529
3777.0 0.002263555476223084
3778.0 0.002333407645189734
3779.0 0.002484184139605978
3780.0 0.0025221486149945883
3781.0 0.0024107809619947664
3782.0 0.002435792201301567
3783.0 0.002268364884497489
3784.0 0.002546318397648208
3785.0 0.0023514484143174726
3786.0 0.002286518133001891
3787.0 0.0023898755847114777
3788.0 0.0024223891100181444
3789.0 0.0023327592795646794
3790.0 0.002345214804261998
3791.0 0.002250755707347725
3792.0 0.0021724315820456364
3793.0 0.0025055943358938057
3794.0 0.002346918642192153
3795.0 0.002428284559866763
3796.0 0.002389575006003161
3797.0 0.0024099843420250025
3798.0 0.002209760820292576
3799.0 0.002396964162672937
3800.0 0.0023832166114457847
3801.0 0.002174720972804044
3802.0 0.002453484023744717
3803.0 0.002337941574374558
3804.0 0.0023436311726700203
3805.0 0.002258363772418324
3806.0 0.002328834189574334
3807.0 0.0021074878569157995
3808.0 0.0022242125113529163
3809.0 0.002386382388505411
3810.0 0.0022784297546504695
3811.0 0.0022227550087083425
3812.0 0.0022403239990602
3813.0 0.0021606468267550577
3814.0 0.0022847011242846786
3815.0 0.00221412976516767
3816.0 0.0022243831456690987
3817.0 0.0023123151673812223
3818.0 0.00227792306643603
3819.0 0.0021239116667782247
3820.0 0.0022189883672746615
3821.0 0.002254329913428755
3822.0 0.0020463155635535276
3823.0 0.0022375719529988706
3824.0 0.0019935415152638565
3825.0 0.002240218797301568
3826.0 0.0021668673053448885
3827.0 0.0021962737682630954
3828.0 0.0021721369694047083
3829.0 0.0020550440970367903
3830.0 0.0020228124899297254
3831.0 0.0020384337117708615
3832.0 0.0021881925656107555
3833.0 0.002095218802505079
3834.0 0.0022845810612817322
3835.0 0.002075701576372957
3836.0 0.002373643631085396
3837.0 0.002084256610955775
3838.0 0.0021540610589992366
3839.0 0.0020919299961039074
3840.0 0.001914275177010603
3841.0 0.002017879310977002
3842.0 0.0019495056727488085
3843.0 0.002227754545377793
3844.0 0.0022064163470421356
3845.0 0.0021754344362409973
3846.0 0.001894333203140638
3847.0 0.0021871336473623048
3848.0 0.0017505400647271519
3849.0 0.0020328898483187047
3850.0 0.001986834297626313
3851.0 0.0021190446455232248
3852.0 0.0021025935457110382
3853.0 0.0020471920445526725
3854.0 0.002082214490945447
3855.0 0.0019428760444898203
3856.0 0.0018012623159077519
3857.0 0.0020872327502162043
3858.0 0.0019321555749797835
3859.0 0.001787168716550052
3860.0 0.0019856726241894544
3861.0 0.0019270388933102544
3862.0 0.0020008412596544413
3863.0 0.0019458543289302063
3864.0 0.0020340914547654354
3865.0 0.0019082794523888609
3866.0 0.0021292924393076056
3867.0 0.0019501526879787717
3868.0 0.0019690436616600477
3869.0 0.0019250259711642492
3870.0 0.001989140966314343
3871.0 0.0019389642578087852
3872.0 0.002029361028603639
3873.0 0.001808364222194955
3874.0 0.001924237349544069
3875.0 0.001948898090591149
3876.0 0.0019009640263085632
3877.0 0.0018735968244721726
3878.0 0.0018879525661926865
3879.0 0.0019424278273959834
3880.0 0.0017461704023742804
3881.0 0.0019246401280701105
3882.0 0.0018839141483285456
3883.0 0.0019487953771269194
3884.0 0.0019250153361491033
3885.0 0.0018686990442194076
3886.0 0.001824682893129071
3887.0 0.0019137647227639885
3888.0 0.0019484946271977038
3889.0 0.001996441502774488
3890.0 0.0019257170687208053
3891.0 0.0018231980966461705
3892.0 0.0017743039022087715
3893.0 0.0018791973643469372
3894.0 0.0017925922266657627
3895.0 0.001960789026594417
3896.0 0.0018643163557229535
3897.0 0.0018957324456755713
3898.0 0.001982977356656279
3899.0 0.0018237712034176324
3900.0 0.0019429175065864637
3901.0 0.0018768249826660581
3902.0 0.0018050157052762797
3903.0 0.0019189142097852665
3904.0 0.0019548559674587244
3905.0 0.0019165530364105045
3906.0 0.0017733753391748072
3907.0 0.0018870976195100178
3908.0 0.001956938495995762
3909.0 0.0020022436300301373
3910.0 0.0019437834527559485
3911.0 0.0019257959067393812
3912.0 0.001837697272072752
3913.0 0.0018230375327874472
3914.0 0.0019412074552750016
3915.0 0.001888237869483748
3916.0 0.0017760547621310308
3917.0 0.0017333843806635238
3918.0 0.001902964172948296
3919.0 0.0018914723923268541
3920.0 0.001774500188800266
3921.0 0.0017347695286237142
3922.0 0.0018978394482856754
3923.0 0.001717526682096662
3924.0 0.0019753817934148087
3925.0 0.0017449611047340471
3926.0 0.0018253242752350777
3927.0 0.001903542009457565
3928.0 0.0016891463730287284
3929.0 0.0018365346045555073
3930.0 0.0018355705061835427
3931.0 0.001784718026603361
3932.0 0.0018142507417567234
3933.0 0.0017565006793647925
3934.0 0.001801227706178792
3935.0 0.0018291730184821992
3936.0 0.0018079451308419205
3937.0 0.0017682593965118098
3938.0 0.0017638196400372292
3939.0 0.0017869048119901094
3940.0 0.0018046323291560802
3941.0 0.0017714068111823798
3942.0 0.0018638047742088526
3943.0 0.001835003596354576
3944.0 0.0018274467046953927
3945.0 0.0017493676295226445
3946.0 0.0017834714300117723
3947.0 0.0017578905576891139
3948.0 0.001808068449744541
3949.0 0.001790249784082588
3950.0 0.001661762769209707
3951.0 0.0018035429332560462
3952.0 0.0016795483478362024
3953.0 0.0018599622293549401
3954.0 0.0017953076404358186
3955.0 0.0018309684737142671
3956.0 0.0017282646080608204
3957.0 0.0018060805227544461
3958.0 0.0017841208600878043
3959.0 0.0017960180170001373
3960.0 0.0018610464123239444
3961.0 0.001772786875939172
3962.0 0.0017009876742054356
3963.0 0.0018244394789752396
3964.0 0.0018113606706697295
3965.0 0.0018105119123585118
3966.0 0.001747607767974637
3967.0 0.0017236845869535412
3968.0 0.0017646777638168044
3969.0 0.0016580342374096348
3970.0 0.0017614712736150969
3971.0 0.0017158628057764777
3972.0 0.0017616086324013678
3973.0 0.0017346627081248143
3974.0 0.0017790699567125034
3975.0 0.0018314352147117132
3976.0 0.0017658818733178767
3977.0 0.0017408783253547659
3978.0 0.0017134944343747333
3979.0 0.0017784405533967486
3980.0 0.0017551929866071242
3981.0 0.0018609033115994584
3982.0 0.0017702154255896689
3983.0 0.0018231778036456783
3984.0 0.0018176234416098815
3985.0 0.0017537407897261165
3986.0 0.0017455175111969552
3987.0 0.0017982202495514452
3988.0 0.0017652227481472313
3989.0 0.0018422019955783903
3990.0 0.0018429743825688434
3991.0 0.0018347241529777926
3992.0 0.0017872880235353715
3993.0 0.0016884303967424554
3994.0 0.0019209482262936976
3995.0 0.0016856095704660143
3996.0 0.0017844979785153737
3997.0 0.0018455200443755954
3998.0 0.0018743071474132274
3999.0 0.0019248493251206008
4000.0 0.0018403488359822636
4001.0 0.0018368086423532313
4002.0 0.0019430984289072974
4003.0 0.0018792354061097122
4004.0 0.0017816255629049518
4005.0 0.0018884111874569688
4006.0 0.0017608554989910132
4007.0 0.0018458883348217634
4008.0 0.002027733798177285
4009.0 0.0018602850566305357
4010.0 0.00185363607642194
4011.0 0.001872177191794917
4012.0 0.0018864001309792904
4013.0 0.0020529869227267697
4014.0 0.0018169259915991043
4015.0 0.0018399297484637922
4016.0 0.0018083681933772845
4017.0 0.0019322650731988368
4018.0 0.001954795752473784
4019.0 0.001928959330600261
4020.0 0.0020855750455796057
4021.0 0.0020089378562664377
4022.0 0.001998682804007545
4023.0 0.002136096421094084
4024.0 0.0020985420485030385
4025.0 0.002099622816095539
4026.0 0.0021340033339885592
4027.0 0.0022444399401067325
4028.0 0.002140318550523428
4029.0 0.0022139427544871164
4030.0 0.002113699993626871
4031.0 0.0021499923326992426
4032.0 0.002208338700318327
4033.0 0.002255008106632487
4034.0 0.002226823877324847
4035.0 0.0024000798397468778
4036.0 0.0023051374376187993
4037.0 0.002387880315356636
4038.0 0.0024206084109872007
4039.0 0.0025707505800559886
4040.0 0.0025505762598415915
4041.0 0.0025362149701033472
4042.0 0.0025299179017560913
4043.0 0.002657642361652768
4044.0 0.0025866243638030012
4045.0 0.002608404607345751
4046.0 0.0026363357926951123
4047.0 0.0025904778401260177
4048.0 0.002622839383512778
4049.0 0.0026980864649705848
4050.0 0.002724876382581495
4051.0 0.0027091569769824597
4052.0 0.0028059324945004798
4053.0 0.0026941702384725374
4054.0 0.002844677129824108
4055.0 0.0028583054335416906
4056.0 0.0028282020595857375
4057.0 0.0028838679708769977
4058.0 0.002950009631955389
4059.0 0.002981803521551214
4060.0 0.0031313149761151076
4061.0 0.00316563756626355
4062.0 0.0031303538864166786
4063.0 0.003251379705319937
4064.0 0.003230042005704562
4065.0 0.003287769668881064
4066.0 0.003258078710494148
4067.0 0.003545725218572606
4068.0 0.0035268928635470882
4069.0 0.003605857571502351
4070.0 0.0037631705895563804
4071.0 0.0037923969869148866
4072.0 0.003914218520736814
4073.0 0.004050622606124958
4074.0 0.00415181897244823
4075.0 0.004355110957549333
4076.0 0.0045373338341090615
4077.0 0.004652415535953807
4078.0 0.004970421458798142
4079.0 0.005113137049792552
4080.0 0.005206955135350011
4081.0 0.005483722374436796
4082.0 0.005843872024449508
4083.0 0.006051527556469164
4084.0 0.006409869801489872
4085.0 0.006767283497591614
4086.0 0.007256548706886908
4087.0 0.007790578184773506
4088.0 0.00814120123016456
4089.0 0.008638671823763624
4090.0 0.009469317833992888
4091.0 0.010271442678459945
4092.0 0.010944784198640962
4093.0 0.011800521940945276
4094.0 0.01292704333437046
4095.0 0.014377614720993434
4096.0 0.015375583487645476
4097.0 0.016703878047332043
4098.0 0.018605714676261174
4099.0 0.020923006821261764
4100.0 0.022459645622834142
4101.0 0.024422409172981652
4102.0 0.027413936262462198
4103.0 0.030940844899207443
4104.0 0.03343683907446897
4105.0 0.03601201574334782
4106.0 0.039088354801514846
4107.0 0.043869165657855494
4108.0 0.04877870183611651
4109.0 0.05269680790301132
4110.0 0.05657669463401391
4111.0 0.062485701871650985
4112.0 0.06929957117534072
4113.0 0.07375571972014389
4114.0 0.07812692667251614
4115.0 0.08588593808896221
4116.0 0.09345860482338095
4117.0 0.09869712621471206
4118.0 0.10420018038104376
4119.0 0.1092642010722466
4120.0 0.11799696000582703
4121.0 0.1265471259430452
4122.0 0.1326089776947295
4123.0 0.1385863222993365
4124.0 0.14837960845806988
4125.0 0.1583628274210198
4126.0 0.16549956289064313
4127.0 0.17243984181490152
4128.0 0.18383390099589828
4129.0 0.195947644017151
4130.0 0.20377300292588463
4131.0 0.2126826058282104
4132.0 0.22624835514724317
4133.0 0.24121627101421073
4134.0 0.2521660055067619
4135.0 0.262330128009482
4136.0 0.280540805437416
4137.0 0.2989231455003896
4138.0 0.312475577780204
4139.0 0.3239700378875954
4140.0 0.33965207061590214
4141.0 0.36081164780057273
4142.0 0.38199747629402225
4143.0 0.39697833335250704
4144.0 0.41253184111402624
4145.0 0.4352941715376836
4146.0 0.4592348227980254
4147.0 0.47426258948074823
4148.0 0.4890925181822457
4149.0 0.5110298144122652
4150.0 0.5333376235437689
4151.0 0.5477756645198293
4152.0 0.5610030157020824
4153.0 0.5802860971748935
4154.0 0.5995622612765935
4155.0 0.6086642953359239
4156.0 0.6196852225042412
4157.0 0.6344318217509525
4158.0 0.6480464078369671
4159.0 0.6559397989830812
4160.0 0.6622763875063924
4161.0 0.6732732753190496
4162.0 0.6803252672117404
4163.0 0.6847030915475842
4164.0 0.689282087875654
4165.0 0.6935367691767367
4166.0 0.6967960008693962
4167.0 0.6996673191650946
4168.0 0.7015437287786209
4169.0 0.7021600130301037
4170.0 0.7061707404827137
4171.0 0.7058923498971675
4172.0 0.7061593927121438
4173.0 0.7081061770618837
4174.0 0.707254570206034
4175.0 0.7059607774993474
4176.0 0.7084670324024278
4177.0 0.7100748864788191
4178.0 0.7073993069655102
4179.0 0.7086854717637038
4180.0 0.7099960553076263
4181.0 0.7102800610002642
4182.0 0.7091705277163654
4183.0 0.7129277450540152
4184.0 0.7117555522229198
4185.0 0.7151213706906664
4186.0 0.7160368059797951
4187.0 0.7177671003650554
4188.0 0.7220304080584852
4189.0 0.7233368337025224
4190.0 0.7238392615232897
4191.0 0.729748682294857
4192.0 0.7304758316378185
4193.0 0.7338097103511114
4194.0 0.7379087136905905
4195.0 0.7417618286810539
4196.0 0.7444535490233852
4197.0 0.7448051967355869
4198.0 0.7508970381022296
4199.0 0.755575084332086
4200.0 0.7591269243315388
4201.0 0.7652523945423115
4202.0 0.7670425564687912
4203.0 0.7726575944641966
4204.0 0.7748470794394169
4205.0 0.7763849099469897
4206.0 0.7818093791801513
4207.0 0.782733165757972
4208.0 0.7862775042420348
4209.0 0.7893537493261011
4210.0 0.790275826576673
4211.0 0.7915778266506192
4212.0 0.7938778227630565
4213.0 0.7939745507014315
4214.0 0.7962328847216826
4215.0 0.7950093752166562
4216.0 0.7955871283152728
4217.0 0.7966947972991154
4218.0 0.7972529696163914
4219.0 0.7938459662006937
4220.0 0.7948756449373433
4221.0 0.7931563164557877
4222.0 0.7882588275209444
4223.0 0.7903430566286923
4224.0 0.7902103263539292
4225.0 0.7864113888771438
4226.0 0.7841339194058219
4227.0 0.7834952331488569
4228.0 0.7834922324672359
4229.0 0.7800509815600805
4230.0 0.7771131851582795
4231.0 0.7742738625571598
4232.0 0.7741333577486891
4233.0 0.7715565949143137
4234.0 0.7703320815841798
4235.0 0.7690314760719297
4236.0 0.7680442924137998
4237.0 0.7665661346865222
4238.0 0.7654546534928738
4239.0 0.7681937646975873
4240.0 0.7642262811953072
4241.0 0.7613599951774596
4242.0 0.7627516593210162
4243.0 0.7609105084775795
4244.0 0.7633759947390839
4245.0 0.7644201345018908
4246.0 0.7639225670979318
4247.0 0.7620093353614266
4248.0 0.766001812121131
4249.0 0.764609001603724
4250.0 0.7659255218265033
4251.0 0.7679538283210107
4252.0 0.7676489750619941
4253.0 0.7678259879833853
4254.0 0.7693971065110652
4255.0 0.7696132912807232
4256.0 0.7687032379300927
4257.0 0.772278202222689
4258.0 0.7703094426099345
4259.0 0.7719901413251649
4260.0 0.7729346333585454
4261.0 0.7729862822946781
4262.0 0.770650013631284
4263.0 0.7750271995636592
4264.0 0.7762192569778583
4265.0 0.776520020935838
4266.0 0.7752472898178292
4267.0 0.7793779021724708
4268.0 0.7791854123882818
4269.0 0.7771823280389938
4270.0 0.7799091830091202
4271.0 0.7781053949175447
4272.0 0.7799959498620558
4273.0 0.7778572899770364
4274.0 0.7785398325778066
4275.0 0.7804884699087774
4276.0 0.7802583537455755
4277.0 0.7802797836568095
4278.0 0.7786956141219871
4279.0 0.7800211633682697
4280.0 0.781268250455914
4281.0 0.7785312041196016
4282.0 0.7813232815675486
4283.0 0.7811761635501993
4284.0 0.7808030798484284
4285.0 0.7824945443875257
4286.0 0.7811544228702995
4287.0 0.7834170813286893
4288.0 0.7829683907621039
4289.0 0.7825510178309003
4290.0 0.7841970672855336
4291.0 0.7850710928472459
4292.0 0.7859140572618151
4293.0 0.7856428739674447
4294.0 0.7858098367151236
4295.0 0.7882343043707793
4296.0 0.7880806655491407
4297.0 0.7878125208844204
4298.0 0.7892343072885758
4299.0 0.7908308276977933
4300.0 0.7893021070994563
4301.0 0.7910629126307505
4302.0 0.7933559468040334
4303.0 0.7933941089423673
4304.0 0.7958722710245143
4305.0 0.7964560122466353
4306.0 0.7933374510077102
4307.0 0.7971017736790166
4308.0 0.7989278746944827
4309.0 0.8021972959490472
4310.0 0.8003810103992592
4311.0 0.8027410465308211
4312.0 0.8030788346374123
4313.0 0.8044469727613244
4314.0 0.8043105528428895
4315.0 0.8060091408710303
4316.0 0.8056120167457307
4317.0 0.8063951761310346
4318.0 0.8067483278924212
4319.0 0.8103254696103235
4320.0 0.8087343125094096
4321.0 0.8093360245681761
4322.0 0.8125809874329232
4323.0 0.8109092758644199
4324.0 0.8129376952849523
4325.0 0.8110472462538353
4326.0 0.8107256691037501
4327.0 0.8151253137860021
4328.0 0.8159664741815597
4329.0 0.8145793426925221
4330.0 0.8150245563712444
4331.0 0.8159701018255439
4332.0 0.8148676908904342
4333.0 0.8181673169778436
4334.0 0.8160282447485562
4335.0 0.816649034584075
4336.0 0.818235219996131
4337.0 0.8176519485198478
4338.0 0.8181448279453833
4339.0 0.8189534982873604
4340.0 0.8188516396349699
4341.0 0.8193061289810267
4342.0 0.8187934125018971
4343.0 0.8162090159141863
4344.0 0.8186806079657217
4345.0 0.8190804552116062
4346.0 0.8199367877781047
4347.0 0.8196327742667787
4348.0 0.8189643515155313
4349.0 0.819163658032291
4350.0 0.8188336835926674
4351.0 0.8184939373594996
4352.0 0.8228028897082206
4353.0 0.8199977334072658
4354.0 0.8217118168908566
4355.0 0.8213838092389878
4356.0 0.8216335489906357
4357.0 0.8218180822991307
4358.0 0.8205113381837565
4359.0 0.8195966193559988
4360.0 0.8195355034209671
4361.0 0.8210380988971121
4362.0 0.8203955027977531
4363.0 0.8207610888131326
4364.0 0.8220480730589544
4365.0 0.8197168930931203
4366.0 0.8198555741294336
4367.0 0.8196193727704505
4368.0 0.818016292375629
4369.0 0.8164388178383686
4370.0 0.8166528890198758
4371.0 0.8152238632047962
4372.0 0.81595705614392
4373.0 0.811824924989942
4374.0 0.8108073186318675
4375.0 0.8117177428559907
4376.0 0.8086525322631881
4377.0 0.8115941346944123
4378.0 0.8061794005338195
4379.0 0.8054759160001406
4380.0 0.8040170019079098
4381.0 0.8024424307349071
4382.0 0.7989603906570393
4383.0 0.7992952270154098
4384.0 0.7981754384203797
4385.0 0.7961066490012518
4386.0 0.7959218170008016
4387.0 0.7933744092788165
4388.0 0.7923191712365111
4389.0 0.7899239392414803
4390.0 0.7857902717078294
4391.0 0.7882699000036382
4392.0 0.7844808250160598
4393.0 0.7819425871695029
4394.0 0.7825785497717221
4395.0 0.7809417142791379
4396.0 0.7787280607801804
4397.0 0.7743205101505121
4398.0 0.7753885215561986
4399.0 0.7744823589997771
4400.0 0.7736022828341914
4401.0 0.7718908741871248
4402.0 0.7712850917823115
4403.0 0.7721679913813738
4404.0 0.7688754641682906
4405.0 0.7720334973779162
4406.0 0.7715656354502193
4407.0 0.7718082638448123
4408.0 0.7674228132340971
4409.0 0.7675837971276341
4410.0 0.7699550235644599
4411.0 0.770895444465428
4412.0 0.7746818234605792
4413.0 0.7731232861007326
4414.0 0.773600082341165
4415.0 0.7705980849665462
4416.0 0.7705163796389448
4417.0 0.7737355247962325
4418.0 0.7731911183951877
4419.0 0.7796592715308798
4420.0 0.7766329156506155
4421.0 0.7783934997902582
4422.0 0.7807776371755777
4423.0 0.781015082496735
4424.0 0.7795697506166748
4425.0 0.7813271805420686
4426.0 0.779736439303858
4427.0 0.7869391360581427
4428.0 0.7888948547175589
4429.0 0.7894707364519362
4430.0 0.7924319545870987
4431.0 0.7892979336580236
4432.0 0.7958555815491318
4433.0 0.7985708231485212
4434.0 0.8009632278027411
4435.0 0.8034815161057355
4436.0 0.7992107344748934
4437.0 0.8071441497537769
4438.0 0.805803949243456
4439.0 0.8094829141642652
4440.0 0.8089498659641854
4441.0 0.816277617796693
4442.0 0.81188719121387
4443.0 0.8172691899255558
4444.0 0.8153705992709712
4445.0 0.8196000106359528
4446.0 0.8193998977861551
4447.0 0.8143238425663402
4448.0 0.8191001058785994
4449.0 0.8233497700806348
4450.0 0.8259460059295373
4451.0 0.8261027491329543
4452.0 0.822626875142035
4453.0 0.8292925206305933
4454.0 0.824415171112019
4455.0 0.8248816204238706
4456.0 0.8252958488255161
4457.0 0.8301534741285798
4458.0 0.8279750586319131
4459.0 0.8262289843318157
4460.0 0.8274635115027269
4461.0 0.8278918855660984
4462.0 0.829046651708265
4463.0 0.827607296526161
4464.0 0.8226316343304125
4465.0 0.8243486532081868
4466.0 0.8285713127874877
4467.0 0.8260219440521515
4468.0 0.8187832101356094
4469.0 0.8237697192540883
4470.0 0.8235106345033499
4471.0 0.821955523047296
4472.0 0.8234528526970364
4473.0 0.822863211326677
4474.0 0.8201628139498172
4475.0 0.8166706386531999
4476.0 0.8185261508366771
4477.0 0.8207684014152069
4478.0 0.8195067353632342
4479.0 0.818214318626775
4480.0 0.8159660345228328
4481.0 0.8125047144726759
4482.0 0.8131817430956051
4483.0 0.8111329009977958
4484.0 0.8143578627521103
4485.0 0.8105351982710634
4486.0 0.8084197168124642
4487.0 0.8091154776143409
4488.0 0.8120941101566601
4489.0 0.8077012452214054
4490.0 0.8081737639569896
4491.0 0.806667025996399
4492.0 0.8058512610438106
4493.0 0.8044058276755689
4494.0 0.8049222232706923
4495.0 0.8078364972515139
4496.0 0.8021743481578909
4497.0 0.8029370122174362
4498.0 0.8045630379182861
4499.0 0.8026165076786497
4500.0 0.808055986295144
4501.0 0.8017140196032109
4502.0 0.8039380052637871
4503.0 0.8013704133106003
4504.0 0.8031201635647167
4505.0 0.8016655802657173
4506.0 0.7978924340937806
4507.0 0.8056562947107172
4508.0 0.7986245594026963
4509.0 0.7999322467534618
4510.0 0.79874420583244
4511.0 0.8029342032694392
4512.0 0.8008813830898369
4513.0 0.7977331622598606
4514.0 0.7984383237516264
4515.0 0.7968856028643524
4516.0 0.8028188075487412
4517.0 0.7987750830911863
4518.0 0.7991800714569598
4519.0 0.798775985382343
4520.0 0.802814301073229
4521.0 0.8021727993850545
4522.0 0.7974482886239739
4523.0 0.8024087248667663
4524.0 0.8011119550564227
4525.0 0.8001851082349768
4526.0 0.7999021650118191
4527.0 0.8003724323526034
4528.0 0.7995763413396889
4529.0 0.7995879043583213
4530.0 0.801569627291061
4531.0 0.8013395018202653
4532.0 0.805601261367616
4533.0 0.8015990138742211
4534.0 0.8017292167997775
4535.0 0.8020693558659525
4536.0 0.8042332543409435
4537.0 0.8043679174420874
4538.0 0.8042750632246841
4539.0 0.8060191208628973
4540.0 0.8031897552275247
4541.0 0.8075328733332678
4542.0 0.8024579352504223
4543.0 0.8045246507005457
4544.0 0.8086402980498799
4545.0 0.8078826384360067
4546.0 0.8084002787539762
4547.0 0.8089430874468303
4548.0 0.8117187638579587
4549.0 0.813049259574533
4550.0 0.8135041391657404
4551.0 0.8128273417219737
4552.0 0.8123867738915096
4553.0 0.8168174774023751
4554.0 0.8161514226929026
4555.0 0.8191782819109441
4556.0 0.8154442285565856
4557.0 0.8170147209650284
4558.0 0.8132840269349717
4559.0 0.8167800031079009
4560.0 0.8189490444632737
4561.0 0.8238073126646082
4562.0 0.8172792494619628
4563.0 0.8211544012196621
4564.0 0.8224160986147903
4565.0 0.822224069691866
4566.0 0.8228747378533359
4567.0 0.8235048854700244
4568.0 0.8268568108486783
4569.0 0.8289319317437429
4570.0 0.8261582590458252
4571.0 0.8261741749305916
4572.0 0.8319762405592321
4573.0 0.8273379480008288
4574.0 0.8294441443053984
4575.0 0.8311374305410826
4576.0 0.8340303861388996
4577.0 0.832364260736052
4578.0 0.8313444046925834
4579.0 0.8355636835588265
4580.0 0.8392400907379172
4581.0 0.8348597183295702
4582.0 0.8357560799890839
4583.0 0.8388627030455954
4584.0 0.8357716737313128
4585.0 0.8373252066189787
4586.0 0.8400874494551213
4587.0 0.8439787147025711
4588.0 0.8401080790032154
4589.0 0.8371438421189017
4590.0 0.8422261342876899
4591.0 0.8417276864021964
4592.0 0.8432557048143738
4593.0 0.8472708585471324
4594.0 0.8393223478504174
4595.0 0.8443124894328866
4596.0 0.8438394551188231
4597.0 0.8469334807643
4598.0 0.8441063467551346
4599.0 0.842038756044627
4600.0 0.8428020895798446
4601.0 0.8412419081448356
4602.0 0.8408006917580403
4603.0 0.8405111445892399
4604.0 0.8420373707506166
4605.0 0.8445393237358072
4606.0 0.8416043263031138
4607.0 0.8408903539807857
4608.0 0.8450862175554811
4609.0 0.8426419699232904
4610.0 0.8384323516751884
4611.0 0.8411402324344055
4612.0 0.8367758508646185
4613.0 0.8390077870179232
4614.0 0.8404178901949121
4615.0 0.8377867832412168
4616.0 0.8400883326220993
4617.0 0.8367218682800819
4618.0 0.8350627594238971
4619.0 0.8370977514178765
4620.0 0.8344768634236155
4621.0 0.8377153165917618
4622.0 0.8315986932349851
4623.0 0.8326718843146766
4624.0 0.8342566502732481
4625.0 0.8337148028812311
4626.0 0.8356049681463509
4627.0 0.8289850955376534
4628.0 0.8322457267279261
4629.0 0.8329732219286123
4630.0 0.8301144636437986
4631.0 0.832469265163017
4632.0 0.8290259201844518
4633.0 0.8336602738459683
4634.0 0.828938140782699
4635.0 0.8301936852859135
4636.0 0.8273908275096725
4637.0 0.8273065871485824
4638.0 0.8264223074379773
4639.0 0.8271559499622022
4640.0 0.8279236215916547
4641.0 0.8274883205593164
4642.0 0.8268646173264854
4643.0 0.828612984462363
4644.0 0.8267364904454616
4645.0 0.8267764686760954
4646.0 0.8295938923829772
4647.0 0.8266579744503382
4648.0 0.8260828589937167
4649.0 0.8298550630412916
4650.0 0.8263041636511818
4651.0 0.8262610765176966
4652.0 0.8270791208884112
4653.0 0.8295023511903603
4654.0 0.8281228823399082
4655.0 0.829702517177574
4656.0 0.8284045079562024
4657.0 0.8339575727251366
4658.0 0.8283031934425747
4659.0 0.8319978352126614
4660.0 0.8274007410402238
4661.0 0.8304145735123057
4662.0 0.8304949216560149
4663.0 0.8302725444706549
4664.0 0.832951381190257
4665.0 0.8314404881247315
4666.0 0.8346202012676833
4667.0 0.8306066708331552
4668.0 0.8296812470388355
4669.0 0.8330697752545854
4670.0 0.8314917291849181
4671.0 0.8340840636744844
4672.0 0.8326929075796395
4673.0 0.8310602001605164
4674.0 0.8342975911948064
4675.0 0.832754039931096
4676.0 0.8307049704095351
4677.0 0.8283638785251619
4678.0 0.834212908702259
4679.0 0.8333739320676514
4680.0 0.8332795611232102
4681.0 0.8295342468564586
4682.0 0.8331689519349766
4683.0 0.8355699920362487
4684.0 0.8333647714252133
4685.0 0.8332602408633178
4686.0 0.8330457225953195
4687.0 0.8352032604589287
4688.0 0.8348292792129011
4689.0 0.8299752121767752
4690.0 0.8312138400519558
4691.0 0.8316954811531796
4692.0 0.8325761795437108
4693.0 0.8308960004103773
4694.0 0.8299274522337438
4695.0 0.833180147504475
4696.0 0.8290470574704731
4697.0 0.8293097211745913
4698.0 0.8289327439144603
4699.0 0.8306061622526731
4700.0 0.8289741503967696
4701.0 0.8264016591932425
4702.0 0.8297296203163861
4703.0 0.8297642790345352
4704.0 0.8314751768787686
4705.0 0.8295584429357099
4706.0 0.828785603626268
4707.0 0.8286460731417654
4708.0 0.8274500583214471
4709.0 0.8271894264440354
4710.0 0.8260294189064644
4711.0 0.8289959074784489
4712.0 0.8295538481277661
4713.0 0.8237856589640272
4714.0 0.825891772465523
4715.0 0.8293266122328381
4716.0 0.8283692911576453
4717.0 0.8298785670625612
4718.0 0.827244344220962
4719.0 0.8315504416665935
4720.0 0.833748641166491
4721.0 0.8301647524236144
4722.0 0.8332900017526977
4723.0 0.8308103784663878
4724.0 0.8333208771100479
4725.0 0.8303083759223802
4726.0 0.8363521809663175
4727.0 0.8346442664227494
4728.0 0.8365042583998156
4729.0 0.8332798243121836
4730.0 0.8349688238974972
4731.0 0.8354143171135752
4732.0 0.8390391778637595
4733.0 0.8362846886753582
4734.0 0.8389381971958664
4735.0 0.8401552527138249
4736.0 0.8398141260891122
4737.0 0.842358073053703
4738.0 0.8419742276300235
4739.0 0.8418554278314283
4740.0 0.8459187296480153
4741.0 0.8448389351320442
4742.0 0.8465895065628412
4743.0 0.8434559783298228
4744.0 0.8469079922705475
4745.0 0.8508495274088188
4746.0 0.8479028870827164
4747.0 0.8490789728670266
4748.0 0.8496943985008357
4749.0 0.8473627473052625
4750.0 0.8482089614418438
4751.0 0.848137799990181
4752.0 0.8524106532521978
4753.0 0.85005022717707
4754.0 0.8538853980368162
4755.0 0.8524756907063527
4756.0 0.8558755922503375
4757.0 0.8513499545217019
4758.0 0.8540811819992629
4759.0 0.853318424172022
4760.0 0.8534607953744969
4761.0 0.8531852466089823
4762.0 0.8572797011831709
4763.0 0.8572323015847096
4764.0 0.8558788423920719
4765.0 0.8568983397092453
4766.0 0.8543367789351587
4767.0 0.855678038275187
4768.0 0.8554467965370187
4769.0 0.8544236882538905
4770.0 0.8523699106880609
4771.0 0.8529829738831903
4772.0 0.8543587478039854
4773.0 0.8564118719466082
4774.0 0.8516802568017713
4775.0 0.853242577131568
4776.0 0.856459459414461
4777.0 0.8516939819666839
4778.0 0.8536301847354932
4779.0 0.8524794809286709
4780.0 0.850145446753075
4781.0 0.84973190303275
4782.0 0.8511307241314149
4783.0 0.8478076845046864
4784.0 0.8486951858298962
4785.0 0.8453913948614127
4786.0 0.8466974986508163
4787.0 0.8433011597426863
4788.0 0.8475136166074188
4789.0 0.8441840291523552
4790.0 0.8416351396195572
4791.0 0.8468041918907894
4792.0 0.842246558698085
4793.0 0.8385827353589776
4794.0 0.840292593945032
4795.0 0.8411179186592236
4796.0 0.8397895074277174
4797.0 0.8357706064499099
4798.0 0.8376338283811514
4799.0 0.838244700249555
4800.0 0.8371214450835505
4801.0 0.8318323680427713
4802.0 0.8348143896267918
4803.0 0.8331617489293509
4804.0 0.8329285546371671
4805.0 0.832056964181149
4806.0 0.831226586589085
4807.0 0.8269711252914356
4808.0 0.8279838058568779
4809.0 0.8296976347706431
4810.0 0.830191487082742
4811.0 0.8266597560318245
4812.0 0.8263317544955945
4813.0 0.8253112620684804
4814.0 0.8270030921508127
4815.0 0.8266288961507068
4816.0 0.8278214108027714
4817.0 0.8252721374135047
4818.0 0.8239797227267395
4819.0 0.8237701799381413
4820.0 0.8220585371974508
4821.0 0.8242919749649515
4822.0 0.8245540013987358
4823.0 0.821758102367057
4824.0 0.8220876504827102
4825.0 0.8203994457943965
4826.0 0.8205982074622948
4827.0 0.8214103448589243
4828.0 0.8219025957239987
4829.0 0.8207892393500716
4830.0 0.8198906629370107
4831.0 0.8214703410089073
4832.0 0.8182754613781376
4833.0 0.817532701260836
4834.0 0.8210795525096689
4835.0 0.8190346909701626
4836.0 0.82026555252755
4837.0 0.8194864153007195
4838.0 0.8242097753587382
4839.0 0.8232518900175748
4840.0 0.8173816893687914
4841.0 0.8208379638134845
4842.0 0.8236246259393529
4843.0 0.8221050480950103
4844.0 0.8207495790001639
4845.0 0.8226856151117351
4846.0 0.8212308013363742
4847.0 0.8246303992625127
4848.0 0.8236415457833921
4849.0 0.8241697270664915
4850.0 0.8230426488040883
4851.0 0.8239330102391906
4852.0 0.825936063306983
4853.0 0.8264602656565746
4854.0 0.8283201747888578
4855.0 0.8288829302876688
4856.0 0.8252401647251906
4857.0 0.8260805818256362
4858.0 0.8277533821321567
4859.0 0.8289161706371496
4860.0 0.8271071506365741
4861.0 0.8310791644984918
4862.0 0.8293103568967308
4863.0 0.8312156947336629
4864.0 0.8324737776785385
4865.0 0.8345444509710106
4866.0 0.8311591567202095
4867.0 0.8339939343361961
4868.0 0.8344450238537936
4869.0 0.8351815036658892
4870.0 0.8355156883033142
4871.0 0.8363419599249516
4872.0 0.8353585422037867
4873.0 0.8395296740151323
4874.0 0.8378033127356814
4875.0 0.8367805980469285
4876.0 0.8393514153075768
4877.0 0.8390741962424678
4878.0 0.8450482868477565
4879.0 0.8420760017416831
4880.0 0.8424039489532418
4881.0 0.8400003607023189
4882.0 0.8410160143754649
4883.0 0.8435545289918147
4884.0 0.844825719282103
4885.0 0.8411522008045204
4886.0 0.844139036471974
4887.0 0.8466067363067756
4888.0 0.8464146686481997
4889.0 0.848052271399119
4890.0 0.8486597744692629
4891.0 0.8472456211522981
4892.0 0.8487223164491996
4893.0 0.84815758416269
4894.0 0.8488332817651415
4895.0 0.851291317050253
4896.0 0.8518767108677426
4897.0 0.8503672571746719
4898.0 0.8497665149144474
4899.0 0.8512982665757323
4900.0 0.8502970538824823
4901.0 0.8527864545082727
4902.0 0.8519805453768362
4903.0 0.853463966311307
4904.0 0.8561505938989309
4905.0 0.853714346222553
4906.0 0.8514328708500863
4907.0 0.8509756914030648
4908.0 0.8530412300139376
4909.0 0.8523589413779076
4910.0 0.8509441620664414
4911.0 0.8541046831421353
4912.0 0.8520328506438798
4913.0 0.8544587138367478
4914.0 0.8519347876859921
4915.0 0.853873065764454
4916.0 0.8555602932951042
4917.0 0.8561679654622298
4918.0 0.8543628143188683
4919.0 0.8557076422780209
4920.0 0.8562697324419399
4921.0 0.8519876813690752
4922.0 0.8552937112349737
4923.0 0.8522667771264371
4924.0 0.8538283295657394
4925.0 0.8561677289855777
4926.0 0.8547626169944994
4927.0 0.8533564137241515
4928.0 0.8526311073506239
4929.0 0.8492198580263229
4930.0 0.8523267895582451
4931.0 0.8548994365697304
4932.0 0.8526831733943825
4933.0 0.8530289831728192
4934.0 0.8528777215783522
4935.0 0.8514074174733174
4936.0 0.8524801247252067
4937.0 0.8528255974185511
4938.0 0.8509814195144625
4939.0 0.8543659645111822
4940.0 0.8530415552090832
4941.0 0.8511506659403585
4942.0 0.8509792061207034
4943.0 0.8501402235269901
4944.0 0.8485054827623775
4945.0 0.8471893483957386
4946.0 0.8498570002625093
4947.0 0.8462515019914953
4948.0 0.8517113783082786
4949.0 0.8487519486695464
4950.0 0.8496698217236284
4951.0 0.84656664086417
4952.0 0.8462477512349603
4953.0 0.8484801387484392
4954.0 0.8469229817837793
4955.0 0.8484604625660395
4956.0 0.8438714189347885
4957.0 0.8443391691231164
4958.0 0.8474432997429135
4959.0 0.8432017543138668
4960.0 0.8444842256433788
4961.0 0.8419729660975829
4962.0 0.8420312632478015
4963.0 0.8420271103799248
4964.0 0.8440289454559661
4965.0 0.8449205648568847
4966.0 0.8417035429117493
4967.0 0.8402875324004425
4968.0 0.8429584837157298
4969.0 0.8421478435535776
4970.0 0.840680866483054
4971.0 0.8411951265395672
4972.0 0.8373900912759402
4973.0 0.8360469283466884
4974.0 0.8408481506999731
4975.0 0.8377935856871825
4976.0 0.8389837677834966
4977.0 0.83682009890321
4978.0 0.8355121006896907
4979.0 0.8345447082952139
4980.0 0.8358505460410574
4981.0 0.8353111224660048
4982.0 0.8345557904539865
4983.0 0.8341924848312069
4984.0 0.833716004076045
4985.0 0.8365499028849112
4986.0 0.8349429793369042
4987.0 0.8347064670396882
4988.0 0.8339108108826799
4989.0 0.8334144724125797
4990.0 0.8332392332971744
4991.0 0.8331285598583278
4992.0 0.8318736844586863
4993.0 0.8333685982968834
4994.0 0.8299989933026076
4995.0 0.8323347884849386
4996.0 0.8315294662964995
4997.0 0.8276016094654878
4998.0 0.8305451440039058
4999.0 0.8307784979541298
5000.0 0.8301893890088087
5001.0 0.8306001975885805
5002.0 0.8291255232887965
5003.0 0.8317601900155652
5004.0 0.8278010186905731
5005.0 0.829759214373747
5006.0 0.8293224430116243
5007.0 0.831394784399771
5008.0 0.8304249736103951
5009.0 0.8298995407930878
5010.0 0.827921840431588
5011.0 0.8300861641998933
5012.0 0.8271847755793686
5013.0 0.8311042469299457
5014.0 0.8286173042143735
5015.0 0.8307841495177032
5016.0 0.8307080133248502
5017.0 0.830658910862734
5018.0 0.8306976628945855
5019.0 0.8285293713319709
5020.0 0.8330009191674734
5021.0 0.8319378208412452
5022.0 0.8320246126011883
5023.0 0.8326920184457355
5024.0 0.8340240701894647
5025.0 0.8338797385954906
5026.0 0.8349458037988
5027.0 0.8338616497269841
5028.0 0.8344211664175649
5029.0 0.8330372655258287
5030.0 0.8363944779001666
5031.0 0.8345095526174656
5032.0 0.8370474074590238
5033.0 0.8338876773927717
5034.0 0.8374010116506251
5035.0 0.8373773508317767
5036.0 0.837332880571461
5037.0 0.838908016764122
5038.0 0.8370243058469324
5039.0 0.8376749820628973
5040.0 0.8385211705522654
5041.0 0.8404836580358699
5042.0 0.8403955419996151
5043.0 0.8402807474791808
5044.0 0.8386080126005797
5045.0 0.8395602906649924
5046.0 0.8426404035646575
5047.0 0.8417056035672333
5048.0 0.8428908578470216
5049.0 0.8433331762562056
5050.0 0.841638618570613
5051.0 0.8408262833526174
5052.0 0.8428284194525435
5053.0 0.8438606258638126
5054.0 0.8458474688416164
5055.0 0.8456113022540767
5056.0 0.8440604043576664
5057.0 0.8481365256809593
5058.0 0.8488846082772976
5059.0 0.8467518494895543
5060.0 0.848931433004782
5061.0 0.8481939516114217
5062.0 0.8472071455900106
5063.0 0.8501644631489438
5064.0 0.8475037754998505
5065.0 0.8488661566539855
5066.0 0.8495927032576719
5067.0 0.8513736267932404
5068.0 0.8527429529944444
5069.0 0.8509179781700185
5070.0 0.8489355636639387
5071.0 0.8512642952479937
5072.0 0.8522804936442577
5073.0 0.8508694120824271
5074.0 0.8517443189006259
5075.0 0.8522083885414007
5076.0 0.8508487403081832
5077.0 0.8541743742663679
5078.0 0.8534000672399399
5079.0 0.8514020569199385
5080.0 0.851621479340529
5081.0 0.8514671171918128
5082.0 0.854173839940204
5083.0 0.8506686239109724
5084.0 0.851637227157414
5085.0 0.8530683748961319
5086.0 0.8515653677908146
5087.0 0.850247355464043
5088.0 0.8531926468470671
5089.0 0.853917845229179
5090.0 0.8504522867665831
5091.0 0.8523143738555364
5092.0 0.8529463294247573
5093.0 0.8508432048271077
5094.0 0.8526272544369073
5095.0 0.8525017319921814
5096.0 0.8502908291636716
5097.0 0.8498062150446102
5098.0 0.8501390058375466
5099.0 0.8506392357297684
5100.0 0.8518866266384041
5101.0 0.8498914734829206
5102.0 0.8524128086220142
5103.0 0.8516562640958201
5104.0 0.8504023437541215
5105.0 0.8510626034045965
5106.0 0.8500266623805636
5107.0 0.8482778812702495
5108.0 0.8514089313818616
5109.0 0.8496466566365986
5110.0 0.8475237639139904
5111.0 0.850566505325099
5112.0 0.8490702056533129
5113.0 0.8508402113192821
5114.0 0.847085913308679
5115.0 0.849219791722931
5116.0 0.8492005626806545
5117.0 0.8494485228784355
5118.0 0.848453572816516
5119.0 0.8502309087907557
5120.0 0.8469316558835204
5121.0 0.8502229690976207
5122.0 0.8483277099265208
5123.0 0.8480950220553262
5124.0 0.8493270809028487
5125.0 0.8486472856531471
5126.0 0.849788456385694
5127.0 0.8499274323439427
5128.0 0.8489364415539643
5129.0 0.8481778498336248
5130.0 0.8479349224656185
5131.0 0.849237856642581
5132.0 0.8474420361837665
5133.0 0.847204320677178
5134.0 0.8461724820012337
5135.0 0.8489273462582816
5136.0 0.845956906275942
5137.0 0.8449173795592146
5138.0 0.848609029185497
5139.0 0.84766363292717
5140.0 0.8479152890383386
5141.0 0.8483765652448988
5142.0 0.8492399110024631
5143.0 0.8458885757867117
5144.0 0.8489739996588903
5145.0 0.8463650884834976
5146.0 0.8473226874326483
5147.0 0.8475343326894272
5148.0 0.8475172416082465
5149.0 0.8472090247260428
5150.0 0.8474791579148618
5151.0 0.8468087905629818
5152.0 0.8463478472514917
5153.0 0.844233268654858
5154.0 0.8469156883212938
5155.0 0.8458514421056558
5156.0 0.8447058697314795
5157.0 0.8464084670407928
5158.0 0.843066017265216
5159.0 0.8431625473641854
5160.0 0.8439542018779522
5161.0 0.8451706545781222
5162.0 0.846361187815041
5163.0 0.8458477190644723
5164.0 0.84491871457741
5165.0 0.8443799280044294
5166.0 0.8426542620507429
5167.0 0.8416482136239953
5168.0 0.8436392128908555
5169.0 0.8430878334447199
5170.0 0.8431452057729413
5171.0 0.8446877545417576
5172.0 0.8444962191614666
5173.0 0.8428970553598187
5174.0 0.8431226879287186
5175.0 0.8449628057902786
5176.0 0.842232240204651
5177.0 0.8454040273615705
5178.0 0.8438661808756419
5179.0 0.8424503597354224
5180.0 0.8441143410739702
5181.0 0.8401464707054642
5182.0 0.8443941409260891
5183.0 0.8428081095502337
5184.0 0.8439140156914078
5185.0 0.8420483297326747
5186.0 0.8448048331843441
5187.0 0.8430399309322405
5188.0 0.8433467728395877
5189.0 0.8403402780267155
5190.0 0.8438688679558886
5191.0 0.8406177848055224
5192.0 0.8437634356403064
5193.0 0.8425112856473742
5194.0 0.844054996071804
5195.0 0.8442527156629799
5196.0 0.8427672686120785
5197.0 0.843474146571683
5198.0 0.8434114684716573
5199.0 0.8431062803153148
5200.0 0.8427624213082858
5201.0 0.8425019719923013
5202.0 0.8427526090620858
5203.0 0.8433798742292232
5204.0 0.8435158907144852
5205.0 0.8455856720821974
5206.0 0.8432219470019573
5207.0 0.8449111984179205
5208.0 0.8439064245624048
5209.0 0.8423460391174734
5210.0 0.84340575024356
5211.0 0.8460433098823527
5212.0 0.843583036011911
5213.0 0.8465385771270527
5214.0 0.8446398507415667
5215.0 0.8442949484608951
5216.0 0.8464272986467583
5217.0 0.8453652568447657
5218.0 0.8445658280186576
5219.0 0.8450156838037304
5220.0 0.845846220028751
5221.0 0.845326388200102
5222.0 0.8464923837095365
5223.0 0.8496017945990645
5224.0 0.84595557980618
5225.0 0.849388145011006
5226.0 0.8441918807662033
5227.0 0.8480065994284427
5228.0 0.8472621202010672
5229.0 0.8467735408278445
5230.0 0.8492971399715771
5231.0 0.8496271717786
5232.0 0.8479589623432414
5233.0 0.8481398557840598
5234.0 0.848393094998591
5235.0 0.8487542331706374
5236.0 0.8488279730750371
5237.0 0.8494957988589907
5238.0 0.8499401104631923
5239.0 0.8490198872282726
5240.0 0.8492317817208432
5241.0 0.8521156363273076
5242.0 0.8478144624827642
5243.0 0.8492545766478551
5244.0 0.8492525039620834
5245.0 0.850748113483293
5246.0 0.8476923297871283
5247.0 0.8489650750827024
5248.0 0.8504517955570117
5249.0 0.8513111025010983
5250.0 0.8487982818400778
5251.0 0.8472204570310159
5252.0 0.8490193517345609
5253.0 0.8487483155628222
5254.0 0.8509154584594735
5255.0 0.8521865077051607
5256.0 0.8495681247529451
5257.0 0.8505523278066103
5258.0 0.8500292187337403
5259.0 0.8471047707743967
5260.0 0.8500080703974618
5261.0 0.8483544519434805
5262.0 0.8493731285260213
5263.0 0.8469256566275067
5264.0 0.848456584493075
5265.0 0.846487229648045
5266.0 0.8488552377902139
5267.0 0.8472719436782453
5268.0 0.8470244860956588
5269.0 0.8462258659977744
5270.0 0.8476463609855168
5271.0 0.8435510695518951
5272.0 0.8439478112178812
5273.0 0.844973065417952
5274.0 0.8420050650674149
5275.0 0.8448138606989232
5276.0 0.8415691829932911
5277.0 0.8405831048949586
5278.0 0.8418768531979368
5279.0 0.842068950586919
5280.0 0.839029635172336
5281.0 0.8401598502096678
5282.0 0.8382445274015915
5283.0 0.8391243163387531
5284.0 0.8383479979533212
5285.0 0.8377131019398222
5286.0 0.8382434321015267
5287.0 0.8370519134421849
5288.0 0.8364061664029881
5289.0 0.837711886367052
5290.0 0.8371824842835038
5291.0 0.83586462462355
5292.0 0.8350070815336017
5293.0 0.8345600275262399
5294.0 0.8353233328473587
5295.0 0.8349436401958893
5296.0 0.8353080596215047
5297.0 0.8343144608022295
5298.0 0.833639842326149
5299.0 0.8335693458832113
5300.0 0.8336948005287972
5301.0 0.8333794463360171
5302.0 0.8347828845134132
5303.0 0.8334607608808293
5304.0 0.8333793870754879
5305.0 0.8338453450287925
5306.0 0.8331235246154773
5307.0 0.8331129750673592
5308.0 0.8328221645561672
5309.0 0.8333551788189525
5310.0 0.8324447808727404
5311.0 0.8350676269104395
5312.0 0.834800861018715
5313.0 0.8332366410466231
5314.0 0.8348606527727225
5315.0 0.8336554577930193
5316.0 0.8351047041861223
5317.0 0.8347391687720809
5318.0 0.8354610585797689
5319.0 0.8363237680836126
5320.0 0.832695398455219
5321.0 0.8359044259419569
5322.0 0.8370098618949791
5323.0 0.8357559438803188
5324.0 0.8373449022175432
5325.0 0.8396035578702982
5326.0 0.838346939715469
5327.0 0.8415851644189318
5328.0 0.840116315324495
5329.0 0.8369215746025177
5330.0 0.8399795724789236
5331.0 0.8409870574396737
5332.0 0.8409715812624404
5333.0 0.8410687318913069
5334.0 0.84069516449237
5335.0 0.8410696996655725
5336.0 0.8428442324929717
5337.0 0.8433862327754937
5338.0 0.8417839475641731
5339.0 0.8414226523847991
5340.0 0.8420982568160715
5341.0 0.845741312827485
5342.0 0.8439629162183659
5343.0 0.8447392563242289
5344.0 0.845534629455823
5345.0 0.8452063370207988
5346.0 0.8453208462532068
5347.0 0.8458576357233908
5348.0 0.8458290097898175
5349.0 0.8457381069391581
5350.0 0.8462903680866881
5351.0 0.8438547379962262
5352.0 0.8463344568590185
5353.0 0.8455738779409503
5354.0 0.8448174161382859
5355.0 0.8461356497164914
5356.0 0.8454727624392858
5357.0 0.8446025396069652
5358.0 0.8462299008565245
5359.0 0.8435886740665127
5360.0 0.8458867501657851
5361.0 0.8444285004352191
5362.0 0.8433420458740054
5363.0 0.8435856284457922
5364.0 0.8448682416757343
5365.0 0.8456672086498607
5366.0 0.8450414193527848
5367.0 0.8454445818203679
5368.0 0.8469015158446961
5369.0 0.8434224191789867
5370.0 0.844518297500818
5371.0 0.8456457205403524
5372.0 0.8437016424732482
5373.0 0.8431540200900478
5374.0 0.8420049452783149
5375.0 0.8429811189869808
5376.0 0.842177565694476
5377.0 0.8415481825025536
5378.0 0.8409480013620517
5379.0 0.8408776267059029
5380.0 0.84342716642287
5381.0 0.8407825481961815
5382.0 0.8405444007022295
5383.0 0.8423972757755822
5384.0 0.8408394596812575
5385.0 0.8442202141313798
5386.0 0.8420203137558762
5387.0 0.8430764626446303
5388.0 0.8398674938089897
5389.0 0.8398469885729732
5390.0 0.8416337900235926
5391.0 0.8383462838904598
5392.0 0.8420408210338728
5393.0 0.8415079324455474
5394.0 0.8422087499894771
5395.0 0.8412340213718652
5396.0 0.8403317469067065
5397.0 0.8394308618628155
5398.0 0.8386486709471015
5399.0 0.8397609336991695
5400.0 0.8392893463215129
5401.0 0.8381711304145054
5402.0 0.8375898406674739
5403.0 0.8389132466997525
5404.0 0.8368453491733567
5405.0 0.8353710493113188
5406.0 0.8363827172983443
5407.0 0.8353526326884594
5408.0 0.8368781482379778
5409.0 0.8338978637407569
5410.0 0.8340479411387459
5411.0 0.8333863661049642
5412.0 0.8311104167479866
5413.0 0.832824637253311
5414.0 0.8328119190092718
5415.0 0.8295778866960516
5416.0 0.8281350005924312
5417.0 0.8277591653431099
5418.0 0.8293089283419142
5419.0 0.8273332122712364
5420.0 0.8254695801556727
5421.0 0.8257685242871896
5422.0 0.8251633044464622
5423.0 0.824221812155515
5424.0 0.8239791465672871
5425.0 0.8226148646171216
5426.0 0.8217417705494182
5427.0 0.8201288687071563
5428.0 0.8222889827881724
5429.0 0.8197422284797498
5430.0 0.8191077334228787
5431.0 0.8181821065876443
5432.0 0.8161912432045765
5433.0 0.8158010078906193
5434.0 0.8144526008075266
5435.0 0.8140521602211681
5436.0 0.8122823931495812
5437.0 0.809740847617259
5438.0 0.8092420546522884
5439.0 0.8079760998289555
5440.0 0.8037762679789081
5441.0 0.8022272640901357
5442.0 0.7994126488563938
5443.0 0.797073066488132
5444.0 0.7938872470743779
5445.0 0.7885872252686149
5446.0 0.78164325952465
5447.0 0.7761038622703299
5448.0 0.7693892075552865
5449.0 0.7620315737800769
5450.0 0.7547498234313614
5451.0 0.7417035851241793
5452.0 0.7311274610642629
5453.0 0.7189449561606609
5454.0 0.7049486853430728
5455.0 0.6889278837374831
5456.0 0.6757877507335802
5457.0 0.6620173818218099
5458.0 0.6426126590839352
5459.0 0.6239952100107763
5460.0 0.6037536782795574
5461.0 0.5825814895385435
5462.0 0.5587862339404822
5463.0 0.5354575994658525
5464.0 0.5118406951357458
5465.0 0.4880879065080355
5466.0 0.46392670418444154
5467.0 0.44032439067166734
5468.0 0.41554459562878654
5469.0 0.3932263390545835
5470.0 0.37715772901843225
5471.0 0.3551302554094241
5472.0 0.33196334319700926
5473.0 0.31073967295266147
5474.0 0.29038365578503117
5475.0 0.27050264129302637
5476.0 0.2517781342372159
5477.0 0.23378455293211756
5478.0 0.21634019461516243
5479.0 0.20171138408420589
5480.0 0.1873162273568738
5481.0 0.17307242343195875
5482.0 0.16082211508042557
5483.0 0.1481413785500242
5484.0 0.13705421549540142
5485.0 0.12999418888421468
5486.0 0.12033456941688352
5487.0 0.11117926300797275
5488.0 0.10314196569892954
5489.0 0.09535403591973982
5490.0 0.08812991677482959
5491.0 0.08166048009975294
5492.0 0.07556653383520237
5493.0 0.07011252247823646
5494.0 0.06507110960103918
5495.0 0.06028478328952973
5496.0 0.056011315816275574
5497.0 0.05191716602877603
5498.0 0.048359440518752544
5499.0 0.04496125233743944
5500.0 0.04195548151541969
5501.0 0.03901277808324608
5502.0 0.03632520290861809
5503.0 0.03393784999078578
5504.0 0.03230484350023897
5505.0 0.03024996547785364
5506.0 0.02832081403642447
5507.0 0.026521516993369104
5508.0 0.02492039451646504
5509.0 0.023253196381440328
5510.0 0.0217882266874757
5511.0 0.02047384852941174
5512.0 0.01920751569952629
5513.0 0.018078548146619713
5514.0 0.016974757942361363
5515.0 0.016024062202722532
5516.0 0.015110505243372417
5517.0 0.01426640245227551
5518.0 0.013454925722617713
5519.0 0.012769512945011007
5520.0 0.012078626052852887
5521.0 0.01138273369299444
5522.0 0.010734136552076454
5523.0 0.01019523994405614
5524.0 0.009696195956713049
5525.0 0.009185011184353956
5526.0 0.008733652000957146
5527.0 0.008241551773895529
5528.0 0.00793935515471134
5529.0 0.007556444096386364
5530.0 0.007161629994026594
5531.0 0.0068574987504442875
5532.0 0.006586005582473615
5533.0 0.00621471388099981
5534.0 0.006007697140490458
5535.0 0.005718254388077802
5536.0 0.005516675786582595
5537.0 0.005241992524697369
5538.0 0.004996290762262324
5539.0 0.004755110296896929
5540.0 0.004557237227708124
5541.0 0.004442417028633613
5542.0 0.004266892097271013
5543.0 0.004093687795150241
5544.0 0.003922341867924992
5545.0 0.0037734504330377405
5546.0 0.0036671243367223452
5547.0 0.0035122640476124884
5548.0 0.00335386107240921
5549.0 0.0032710790468949993
5550.0 0.003113612693071437
5551.0 0.003056503981129476
5552.0 0.0029445971402218825
5553.0 0.0028422610752153192
5554.0 0.0027477918186796083
5555.0 0.0026704052538935588
5556.0 0.002576208888279037
5557.0 0.002492207618795721
5558.0 0.002398653447876279
5559.0 0.0023806971644445875
5560.0 0.0023693479966929287
5561.0 0.002204707823844446
5562.0 0.0021329107113095165
5563.0 0.0020928019428225306
5564.0 0.00215198059976882
5565.0 0.0019879907774228364
5566.0 0.001955640445496137
5567.0 0.0019328082677755245
5568.0 0.0018653305884422653
5569.0 0.0018419899791789827
5570.0 0.0017648346971630095
5571.0 0.001742279185328422
5572.0 0.0016137786632928548
5573.0 0.0016536591857293198
5574.0 0.0017022030116819898
5575.0 0.001580668132310579
5576.0 0.00154712457396257
5577.0 0.0014790081533328555
5578.0 0.0014778106555953655
5579.0 0.001430230607520099
5580.0 0.0013748474591197286
5581.0 0.0013434286318757347
5582.0 0.0013397876858831292
5583.0 0.0013565794711425847
5584.0 0.0012863739887032238
5585.0 0.0012862650755582166
5586.0 0.00128147289566754
5587.0 0.001249283387429381
5588.0 0.0011912408625314275
5589.0 0.0011689997378232925
5590.0 0.0011611697512019057
5591.0 0.0011428928305789808
5592.0 0.001049174449626456
5593.0 0.001051435324706738
5594.0 0.0010860544538643998
5595.0 0.0010897564139827004
5596.0 0.0010672066874909709
5597.0 0.001023410227427546
5598.0 0.000992525881058491
5599.0 0.000997358107514954
5600.0 0.0009990125079281788
5601.0 0.000937282983813789
5602.0 0.000946534451452261
5603.0 0.0008995404186045467
5604.0 0.0009087784553236546
5605.0 0.0008557654208645531
5606.0 0.0008856362781596653
5607.0 0.0008652295824786481
5608.0 0.0008216922545438717
5609.0 0.0008263234774617661
5610.0 0.0008292384245090277
5611.0 0.0008227012282841355
5612.0 0.0008367026354434903
5613.0 0.0008145067652151652
5614.0 0.0007890795877684336
5615.0 0.0007680931018504546
5616.0 0.0007865221986268081
5617.0 0.0007680086904558838
5618.0 0.0007636343920765723
5619.0 0.0007825092124753549
5620.0 0.0007463435359234304
5621.0 0.0007737137931786666
5622.0 0.0007288256624216351
5623.0 0.0007058408166805598
5624.0 0.0006896973853139726
5625.0 0.0006743950661478367
5626.0 0.000732457236526013
5627.0 0.0006661605851572178
5628.0 0.0006711894937132308
5629.0 0.0006443218334335161
5630.0 0.0006648517652158703
5631.0 0.0006312779893977353
5632.0 0.0006856057220464373
5633.0 0.0006007436900338868
5634.0 0.0006253091855436357
5635.0 0.000652291010574014
5636.0 0.0006076983539175701
5637.0 0.0006107620897243829
5638.0 0.0006077855446369016
5639.0 0.0005920311040580227
5640.0 0.0005980747544198844
5641.0 0.0005910095127024686
5642.0 0.0006075372874374975
5643.0 0.0005768620566909124
5644.0 0.0005847977206454785
5645.0 0.0005401008933668315
5646.0 0.0005707072279262417
5647.0 0.0005490110701355704
5648.0 0.0005276263658192322
