@MEASUREMENT_RADIUS 0 cm
# lambda : Angstroms 
# tr : transmission ([0,1]) 
# end
4015 0
4020 0.000772807
4025 0.00278755
4030 0.00412781
4035 0.00456504
4040 0.00500313
4045 0.00547412
4050 0.0060279
4055 0.0067495
4060 0.00773142
4065 0.00910531
4070 0.0110671
4075 0.013854
4080 0.0177786
4085 0.0231219
4090 0.0301268
4095 0.0389157
4100 0.0492098
4105 0.0606092
4110 0.0725563
4115 0.0845042
4120 0.0966605
4125 0.109777
4130 0.125538
4135 0.146662
4140 0.176236
4145 0.218567
4150 0.277541
4155 0.354696
4160 0.447808
4165 0.547943
4170 0.642518
4175 0.719515
4180 0.770393
4185 0.795016
4190 0.800821
4195 0.798187
4200 0.796373
4205 0.800414
4210 0.810462
4215 0.822419
4220 0.830168
4225 0.828234
4230 0.813634
4235 0.78705
4240 0.752225
4245 0.715306
4250 0.682556
4255 0.658643
4260 0.646863
4265 0.648355
4270 0.662383
4275 0.686688
4280 0.718228
4285 0.75313
4290 0.787209
4295 0.81679
4300 0.838399
4305 0.849861
4310 0.8507
4315 0.841955
4320 0.826211
4325 0.807313
4330 0.789525
4335 0.776846
4340 0.772507
4345 0.77806
4350 0.793232
4355 0.815983
4360 0.842903
4365 0.869246
4370 0.890072
4375 0.90189
4380 0.903241
4385 0.895236
4390 0.880819
4395 0.863493
4400 0.846098
4405 0.830517
4410 0.817464
4415 0.806892
4420 0.798709
4425 0.792857
4430 0.789703
4435 0.789833
4440 0.793764
4445 0.801552
4450 0.812753
4455 0.826416
4460 0.840773
4465 0.854039
4470 0.864905
4475 0.872659
4480 0.877601
4485 0.880603
4490 0.88257
4495 0.884
4500 0.88477
4505 0.884
4510 0.880554
4515 0.873592
4520 0.862932
4525 0.849675
4530 0.835697
4535 0.8231
4540 0.814175
4545 0.81053
4550 0.812594
4555 0.819553
4560 0.829693
4565 0.840688
4570 0.850076
4575 0.856106
4580 0.858033
4585 0.856248
4590 0.851985
4595 0.846878
4600 0.842345
4605 0.83912
4610 0.837211
4615 0.835971
4620 0.83456
4625 0.832284
4630 0.828885
4635 0.824794
4640 0.8209
4645 0.818386
4650 0.818123
4655 0.820335
4660 0.824674
4665 0.830042
4670 0.834942
4675 0.837748
4680 0.837196
4685 0.83283
4690 0.824955
4695 0.814812
4700 0.804284
4705 0.795003
4710 0.787995
4715 0.783675
4720 0.781631
4725 0.781114
4730 0.78121
4735 0.781116
4740 0.780452
4745 0.779452
4750 0.778921
4755 0.779926
4760 0.783604
4765 0.790657
4770 0.801141
4775 0.814362
4780 0.828833
4785 0.842517
4790 0.853288
4795 0.85956
4800 0.860718
4805 0.857247
4810 0.850746
4815 0.84351
4820 0.837926
4825 0.835975
4830 0.838812
4835 0.846679
4840 0.858804
4845 0.873561
4850 0.888784
4855 0.902283
4860 0.912152
4865 0.917088
4870 0.916689
4875 0.911303
4880 0.901997
4885 0.890069
4890 0.876681
4895 0.862594
4900 0.848332
4905 0.834119
4910 0.82027
4915 0.807314
4920 0.795899
4925 0.786845
4930 0.781058
4935 0.779294
4940 0.782228
4945 0.790103
4950 0.80238
4955 0.81776
4960 0.834243
4965 0.849116
4970 0.859399
4975 0.862519
4980 0.856676
4985 0.841722
4990 0.819125
4995 0.791191
5000 0.760766
5005 0.730958
5010 0.704223
5015 0.682077
5020 0.665685
5025 0.655436
5030 0.651031
5035 0.652028
5040 0.657856
5045 0.667946
5050 0.681783
5055 0.698931
5060 0.719184
5065 0.742267
5070 0.767662
5075 0.794479
5080 0.821501
5085 0.846889
5090 0.868342
5095 0.88348
5100 0.889988
5105 0.886507
5110 0.873033
5115 0.850733
5120 0.822123
5125 0.790414
5130 0.759084
5135 0.731346
5140 0.709688
5145 0.695452
5150 0.689047
5155 0.690452
5160 0.699001
5165 0.713677
5170 0.732849
5175 0.754387
5180 0.776092
5185 0.795747
5190 0.811424
5195 0.82171
5200 0.82628
5205 0.825635
5210 0.821087
5215 0.814352
5220 0.806971
5225 0.800222
5230 0.794698
5235 0.79055
5240 0.787306
5245 0.784231
5250 0.780263
5255 0.774539
5260 0.766611
5265 0.756502
5270 0.744821
5275 0.732506
5280 0.720903
5285 0.711397
5290 0.705456
5295 0.70409
5300 0.70819
5305 0.71809
5310 0.733687
5315 0.754328
5320 0.778662
5325 0.804744
5330 0.829904
5335 0.85134
5340 0.866335
5345 0.873135
5350 0.87111
5355 0.860853
5360 0.844346
5365 0.824022
5370 0.802464
5375 0.781861
5380 0.763941
5385 0.749683
5390 0.739521
5395 0.733368
5400 0.730676
5405 0.730678
5410 0.73269
5415 0.736007
5420 0.740176
5425 0.745009
5430 0.750741
5435 0.757795
5440 0.766701
5445 0.778104
5450 0.792159
5455 0.80823
5460 0.825057
5465 0.840536
5470 0.851917
5475 0.856058
5480 0.850516
5485 0.833878
5490 0.80638
5495 0.770187
5500 0.728323
5505 0.684584
5510 0.64236
5515 0.604672
5520 0.573362
5525 0.549421
5530 0.533021
5535 0.523576
5540 0.520238
5545 0.521623
5550 0.526095
5555 0.531654
5560 0.536365
5565 0.538557
5570 0.53733
5575 0.532705
5580 0.525469
5585 0.517057
5590 0.509113
5595 0.50316
5600 0.499922
5605 0.499265
5610 0.499867
5615 0.499193
5620 0.493769
5625 0.480443
5630 0.457184
5635 0.423802
5640 0.38249
5645 0.336874
5650 0.291376
5655 0.24941
5660 0.213144
5665 0.183282
5670 0.159491
5675 0.140878
5680 0.126604
5685 0.115413
5690 0.106233
5695 0.0978364
5700 0.0897507
5705 0.0815642
5710 0.0731151
5715 0.0645286
5720 0.05608
5725 0.0480855
5730 0.0408697
5735 0.0345819
5740 0.0293186
5745 0.0250171
5750 0.0215653
5755 0.0188156
5760 0.0166108
5765 0.014825
5770 0.0133376
5775 0.0120464
5780 0.0108803
5785 0.00977941
5790 0.00871607
5795 0.00767068
5800 0.00665984
5805 0.00569547
5810 0.00481109
5815 0.00343848
5820 0.00176025
5825 0.000367023
