@MEASUREMENT_RADIUS 4.7 cm
# lambda : Angstroms 
# tr : transmission ([0,1]) 
# end
3990 0
3995 0.000679467
4000 0.00257821
4005 0.00396286
4010 0.00454497
4015 0.00510339
4020 0.00563428
4025 0.00617028
4030 0.0067827
4035 0.00756242
4040 0.00864511
4045 0.0101983
4050 0.0124631
4055 0.0157549
4060 0.0204394
4065 0.0270442
4070 0.0360976
4075 0.0478375
4080 0.0621885
4085 0.078353
4090 0.0952451
4095 0.112075
4100 0.128369
4105 0.144848
4110 0.163236
4115 0.185895
4120 0.216377
4125 0.257894
4130 0.313688
4135 0.38653
4140 0.474599
4145 0.573123
4150 0.673253
4155 0.763053
4160 0.833564
4165 0.880526
4170 0.905815
4175 0.915853
4180 0.917989
4185 0.917886
4190 0.91824
4195 0.918931
4200 0.918097
4205 0.913445
4210 0.903284
4215 0.887103
4220 0.866268
4225 0.843094
4230 0.82052
4235 0.801919
4240 0.789635
4245 0.785202
4250 0.78938
4255 0.801742
4260 0.82081
4265 0.844485
4270 0.869806
4275 0.893523
4280 0.913215
4285 0.927191
4290 0.934618
4295 0.935711
4300 0.931478
4305 0.923462
4310 0.913409
4315 0.902912
4320 0.893164
4325 0.885062
4330 0.878974
4335 0.874725
4340 0.871908
4345 0.869826
4350 0.867817
4355 0.8655
4360 0.862803
4365 0.859948
4370 0.857463
4375 0.85601
4380 0.856038
4385 0.857809
4390 0.861314
4395 0.866323
4400 0.87249
4405 0.879147
4410 0.885691
4415 0.891987
4420 0.897629
4425 0.902254
4430 0.905916
4435 0.908646
4440 0.910647
4445 0.912164
4450 0.913439
4455 0.914652
4460 0.915895
4465 0.916928
4470 0.917327
4475 0.916484
4480 0.913701
4485 0.908653
4490 0.901261
4495 0.892027
4500 0.88216
4505 0.87294
4510 0.865746
4515 0.861829
4520 0.861806
4525 0.865883
4530 0.873586
4535 0.883846
4540 0.89523
4545 0.906311
4550 0.915961
4555 0.923266
4560 0.9281
4565 0.930945
4570 0.932456
4575 0.933354
4580 0.934212
4585 0.935316
4590 0.936638
4595 0.937953
4600 0.938948
4605 0.93943
4610 0.939328
4615 0.93866
4620 0.937708
4625 0.936668
4630 0.935419
4635 0.933698
4640 0.931252
4645 0.927867
4650 0.923212
4655 0.917314
4660 0.910749
4665 0.904171
4670 0.898314
4675 0.894006
4680 0.89176
4685 0.891616
4690 0.893171
4695 0.895583
4700 0.897772
4705 0.898803
4710 0.898089
4715 0.895488
4720 0.891494
4725 0.887202
4730 0.883869
4735 0.882608
4740 0.884256
4745 0.889112
4750 0.896902
4755 0.90671
4760 0.917289
4765 0.927099
4770 0.934778
4775 0.939534
4780 0.941096
4785 0.939803
4790 0.936697
4795 0.933042
4800 0.929846
4805 0.927897
4810 0.927617
4815 0.928865
4820 0.931036
4825 0.933353
4830 0.935057
4835 0.935641
4840 0.934892
4845 0.932926
4850 0.930068
4855 0.926741
4860 0.923533
4865 0.920732
4870 0.918416
4875 0.916531
4880 0.91497
4885 0.913617
4890 0.912429
4895 0.911565
4900 0.911449
4905 0.912452
4910 0.915021
4915 0.919455
4920 0.925652
4925 0.93288
4930 0.940054
4935 0.945905
4940 0.948968
4945 0.947929
4950 0.942015
4955 0.931063
4960 0.915741
4965 0.897284
4970 0.877249
4975 0.857418
4980 0.839632
4985 0.82518
4990 0.814821
4995 0.808904
5000 0.807204
5005 0.809217
5010 0.814132
5015 0.820958
5020 0.828811
5025 0.836775
5030 0.844098
5035 0.850308
5040 0.855148
5045 0.858491
5050 0.86029
5055 0.860478
5060 0.859045
5065 0.855956
5070 0.851184
5075 0.844815
5080 0.837188
5085 0.828731
5090 0.820021
5095 0.811794
5100 0.804871
5105 0.799915
5110 0.79734
5115 0.797311
5120 0.799626
5125 0.803744
5130 0.808746
5135 0.813404
5140 0.816473
5145 0.817011
5150 0.814513
5155 0.808858
5160 0.800551
5165 0.790604
5170 0.780368
5175 0.771233
5180 0.764522
5185 0.761301
5190 0.762306
5195 0.767843
5200 0.777566
5205 0.790693
5210 0.806146
5215 0.822439
5220 0.837839
5225 0.850823
5230 0.860189
5235 0.865155
5240 0.865905
5245 0.863283
5250 0.858517
5255 0.852988
5260 0.848183
5265 0.844983
5270 0.843864
5275 0.844645
5280 0.846749
5285 0.848958
5290 0.849986
5295 0.848487
5300 0.843463
5305 0.834461
5310 0.821785
5315 0.806194
5320 0.789107
5325 0.772373
5330 0.75792
5335 0.747313
5340 0.741927
5345 0.74273
5350 0.749988
5355 0.763321
5360 0.781535
5365 0.803076
5370 0.825761
5375 0.847176
5380 0.864644
5385 0.876136
5390 0.88049
5395 0.877621
5400 0.868579
5405 0.855163
5410 0.839695
5415 0.824419
5420 0.811131
5425 0.80076
5430 0.793324
5435 0.787933
5440 0.782984
5445 0.776552
5450 0.766771
5455 0.752357
5460 0.732821
5465 0.708825
5470 0.681881
5475 0.654093
5480 0.627843
5485 0.605324
5490 0.588416
5495 0.578182
5500 0.575285
5505 0.579574
5510 0.590306
5515 0.605853
5520 0.623678
5525 0.640671
5530 0.653441
5535 0.659065
5540 0.655556
5545 0.642834
5550 0.622462
5555 0.597301
5560 0.570921
5565 0.546666
5570 0.526898
5575 0.512405
5580 0.502517
5585 0.49524
5590 0.487609
5595 0.476406
5600 0.458826
5605 0.433284
5610 0.399951
5615 0.360961
5620 0.319289
5625 0.278524
5630 0.241375
5635 0.209563
5640 0.183435
5645 0.162698
5650 0.146639
5655 0.134104
5660 0.123967
5665 0.115159
5670 0.106768
5675 0.0980519
5680 0.0889733
5685 0.0794393
5690 0.0697405
5695 0.0600618
5700 0.0510252
5705 0.0430019
5710 0.0361522
5715 0.0305363
5720 0.026021
5725 0.0224461
5730 0.0196349
5735 0.0174009
5740 0.015601
5745 0.0140981
5750 0.0127809
5755 0.0115722
5760 0.010412
5765 0.00926927
5770 0.00813529
5775 0.00702372
5780 0.00597726
5785 0.00502698
5790 0.00361614
5795 0.00185238
5800 0.000391054
