@MEASUREMENT_RADIUS 11.7 cm
# lambda : Angstroms 
# tr : transmission ([0,1]) 
# end
3990 0
3995 0.000703844
4000 0.00266595
4005 0.00412279
4010 0.00478102
4015 0.00543732
4020 0.00607123
4025 0.00670487
4030 0.00741069
4035 0.0082739
4040 0.00943541
4045 0.0110649
4050 0.013398
4055 0.0167771
4060 0.021582
4065 0.0283761
4070 0.037767
4075 0.0501255
4080 0.0655673
4085 0.0834689
4090 0.102777
4095 0.122582
4100 0.14211
4105 0.161816
4110 0.183241
4115 0.208634
4120 0.24152
4125 0.28502
4130 0.342162
4135 0.415258
4140 0.502194
4145 0.59797
4150 0.694249
4155 0.779886
4160 0.846314
4165 0.889783
4170 0.912316
4175 0.920202
4180 0.920759
4185 0.919645
4190 0.919747
4195 0.92119
4200 0.921962
4205 0.919287
4210 0.91108
4215 0.896659
4220 0.877094
4225 0.854761
4230 0.832875
4235 0.814825
4240 0.803009
4245 0.798911
4250 0.802954
4255 0.814542
4260 0.832187
4265 0.85376
4270 0.876621
4275 0.89797
4280 0.915733
4285 0.928469
4290 0.935455
4295 0.936902
4300 0.933714
4305 0.927255
4310 0.91906
4315 0.910633
4320 0.903137
4325 0.89731
4330 0.893314
4335 0.890817
4340 0.889336
4345 0.888081
4350 0.886461
4355 0.884412
4360 0.88201
4365 0.879664
4370 0.87802
4375 0.877696
4380 0.878966
4385 0.881798
4390 0.886019
4395 0.891133
4400 0.896668
4405 0.902036
4410 0.906885
4415 0.911196
4420 0.914825
4425 0.917681
4430 0.919973
4435 0.921718
4440 0.92307
4445 0.924297
4450 0.925449
4455 0.926555
4460 0.927477
4465 0.927766
4470 0.926857
4475 0.924047
4480 0.918887
4485 0.91146
4490 0.902143
4495 0.891814
4500 0.881978
4505 0.874061
4510 0.8692
4515 0.868223
4520 0.871329
4525 0.878214
4530 0.887964
4535 0.899187
4540 0.910405
4545 0.920312
4550 0.928001
4555 0.933054
4560 0.935822
4565 0.937033
4570 0.937384
4575 0.937506
4580 0.937752
4585 0.938151
4590 0.938529
4595 0.938576
4600 0.938134
4605 0.937186
4610 0.935863
4615 0.934356
4620 0.932906
4625 0.931638
4630 0.930398
4635 0.928793
4640 0.926449
4645 0.923122
4650 0.918689
4655 0.913358
4660 0.90767
4665 0.902336
4670 0.89796
4675 0.895078
4680 0.893853
4685 0.893968
4690 0.89475
4695 0.895375
4700 0.895017
4705 0.893192
4710 0.889923
4715 0.885665
4720 0.881278
4725 0.878013
4730 0.877004
4735 0.878891
4740 0.883945
4745 0.891839
4750 0.90169
4755 0.912216
4760 0.922025
4765 0.929703
4770 0.934333
4775 0.935777
4780 0.934568
4785 0.931684
4790 0.928306
4795 0.925674
4800 0.924702
4805 0.925695
4810 0.928531
4815 0.932656
4820 0.937179
4825 0.941174
4830 0.943944
4835 0.945085
4840 0.944471
4845 0.94233
4850 0.939062
4855 0.935142
4860 0.931031
4865 0.926965
4870 0.922902
4875 0.91887
4880 0.914941
4885 0.911227
4890 0.907922
4895 0.905487
4900 0.904494
4905 0.905373
4910 0.908491
4915 0.913916
4920 0.921157
4925 0.929137
4930 0.936599
4935 0.942052
4940 0.944035
4945 0.941481
4950 0.934032
4955 0.922056
4960 0.906525
4965 0.888894
4970 0.870788
4975 0.853777
4980 0.839346
4985 0.828471
4990 0.821585
4995 0.818577
5000 0.818913
5005 0.821893
5010 0.826648
5015 0.832343
5020 0.838266
5025 0.84381
5030 0.848552
5035 0.852359
5040 0.855282
5045 0.857339
5050 0.858511
5055 0.858762
5060 0.857993
5065 0.856007
5070 0.852687
5075 0.848026
5080 0.842157
5085 0.835497
5090 0.828586
5095 0.822128
5100 0.816792
5105 0.813203
5110 0.811756
5115 0.812603
5120 0.815476
5125 0.819761
5130 0.824691
5135 0.829193
5140 0.832107
5145 0.832605
5150 0.830337
5155 0.825371
5160 0.818192
5165 0.809752
5170 0.801193
5175 0.79378
5180 0.788677
5185 0.786716
5190 0.788489
5195 0.794207
5200 0.803555
5205 0.81575
5210 0.829867
5215 0.844655
5220 0.858688
5225 0.870751
5230 0.879844
5235 0.885385
5240 0.887433
5245 0.886621
5250 0.883738
5255 0.879807
5260 0.875777
5265 0.872279
5270 0.86958
5275 0.867523
5280 0.865683
5285 0.863233
5290 0.859475
5295 0.853731
5300 0.845661
5305 0.835293
5310 0.82318
5315 0.810097
5320 0.797223
5325 0.785976
5330 0.777748
5335 0.773552
5340 0.774193
5345 0.780077
5350 0.791031
5355 0.806343
5360 0.824604
5365 0.844073
5370 0.862749
5375 0.878739
5380 0.890191
5385 0.895979
5390 0.895836
5395 0.890325
5400 0.880785
5405 0.868851
5410 0.856334
5415 0.844636
5420 0.834675
5425 0.826574
5430 0.819733
5435 0.812974
5440 0.804767
5445 0.793654
5450 0.77853
5455 0.759171
5460 0.736138
5465 0.710817
5470 0.68499
5475 0.660778
5480 0.640111
5485 0.62464
5490 0.615589
5495 0.613372
5500 0.617992
5505 0.628543
5510 0.643395
5515 0.66009
5520 0.675643
5525 0.686919
5530 0.691232
5535 0.687008
5540 0.673983
5545 0.6538
5550 0.62922
5555 0.603609
5560 0.580081
5565 0.561077
5570 0.547604
5575 0.539114
5580 0.533764
5585 0.528608
5590 0.520249
5595 0.505554
5600 0.482609
5605 0.451145
5610 0.412749
5615 0.370435
5620 0.327597
5625 0.287472
5630 0.252114
5635 0.222537
5640 0.198493
5645 0.179243
5650 0.163722
5655 0.150608
5660 0.138718
5665 0.127072
5670 0.115048
5675 0.102418
5680 0.0896954
5685 0.0772938
5690 0.0657507
5695 0.0551876
5700 0.0461099
5705 0.0385879
5710 0.0325146
5715 0.0277362
5720 0.0239903
5725 0.021061
5730 0.0187516
5735 0.016885
5740 0.0153266
5745 0.0139585
5750 0.0126863
5755 0.0114522
5760 0.0102246
5765 0.00900055
5770 0.00779655
5775 0.00664759
5780 0.00560122
5785 0.00468214
5790 0.00336554
5795 0.00172183
5800 0.000364024
