@MEASUREMENT_RADIUS 16.3 cm
# lambda : Angstroms 
# tr : transmission ([0,1]) 
# end
3985 0
3990 0.000742839
3995 0.00280899
4000 0.0043588
4005 0.00509009
4010 0.00582071
4015 0.00654637
4020 0.00728269
4025 0.0080913
4030 0.00907031
4035 0.0103517
4040 0.0121435
4045 0.014713
4050 0.0184199
4055 0.0237675
4060 0.0312914
4065 0.0416386
4070 0.0553588
4075 0.072506
4080 0.0926632
4085 0.114693
4090 0.137346
4095 0.160126
4100 0.183205
4105 0.208219
4110 0.237912
4115 0.275349
4120 0.324127
4125 0.3863
4130 0.462353
4135 0.550624
4140 0.6439
4145 0.733303
4150 0.810142
4155 0.866781
4160 0.90135
4165 0.917262
4170 0.921049
4175 0.919666
4180 0.918315
4185 0.919095
4190 0.921204
4195 0.922173
4200 0.91926
4205 0.910631
4210 0.896044
4215 0.876901
4220 0.856053
4225 0.836755
4230 0.821812
4235 0.81348
4240 0.812636
4245 0.819043
4250 0.83169
4255 0.849055
4260 0.869015
4265 0.889286
4270 0.907713
4275 0.922411
4280 0.932505
4285 0.937685
4290 0.938213
4295 0.934987
4300 0.929413
4305 0.922886
4310 0.916551
4315 0.911374
4320 0.907772
4325 0.905585
4330 0.904278
4335 0.903261
4340 0.901948
4345 0.899986
4350 0.897529
4355 0.895106
4360 0.89329
4365 0.89265
4370 0.893679
4375 0.896499
4380 0.900698
4385 0.905834
4390 0.911315
4395 0.916423
4400 0.920917
4405 0.924593
4410 0.927294
4415 0.929225
4420 0.930674
4425 0.931778
4430 0.932713
4435 0.933661
4440 0.934719
4445 0.935791
4450 0.936682
4455 0.937075
4460 0.936445
4465 0.934147
4470 0.929705
4475 0.922984
4480 0.914282
4485 0.904419
4490 0.894639
4495 0.886328
4500 0.880785
4505 0.878798
4510 0.880652
4515 0.886119
4520 0.894353
4525 0.904207
4530 0.914359
4535 0.923529
4540 0.930857
4545 0.935886
4550 0.938797
4555 0.940066
4560 0.940349
4565 0.940276
4570 0.940206
4575 0.940131
4580 0.939906
4585 0.939354
4590 0.938241
4595 0.936526
4600 0.934416
4605 0.932191
4610 0.930114
4615 0.92829
4620 0.926664
4625 0.925085
4630 0.923207
4635 0.920688
4640 0.917365
4645 0.913462
4650 0.909247
4655 0.90511
4660 0.901679
4665 0.899302
4670 0.897991
4675 0.897559
4680 0.897541
4685 0.897262
4690 0.896076
4695 0.89365
4700 0.890104
4705 0.885961
4710 0.88206
4715 0.879453
4720 0.879003
4725 0.881352
4730 0.886621
4735 0.894366
4740 0.90368
4745 0.913354
4750 0.922081
4755 0.928634
4760 0.932371
4765 0.933151
4770 0.93142
4775 0.928189
4780 0.924737
4785 0.922215
4790 0.921428
4795 0.922821
4800 0.926209
4805 0.931034
4810 0.936528
4815 0.941807
4820 0.945997
4825 0.948585
4830 0.949398
4835 0.948469
4840 0.94607
4845 0.942582
4850 0.938358
4855 0.933636
4860 0.928665
4865 0.923502
4870 0.918198
4875 0.912978
4880 0.908221
4885 0.904428
4890 0.90218
4895 0.901892
4900 0.903951
4905 0.908379
4910 0.914784
4915 0.922282
4920 0.929625
4925 0.935307
4930 0.938036
4935 0.936907
4940 0.931459
4945 0.921926
4950 0.909172
4955 0.894449
4960 0.879219
4965 0.864874
4970 0.852576
4975 0.843017
4980 0.836658
4985 0.833527
4990 0.833245
4995 0.83513
5000 0.838412
5005 0.842451
5010 0.846609
5015 0.85044
5020 0.853825
5025 0.856703
5030 0.859127
5035 0.861182
5040 0.86295
5045 0.864321
5050 0.865121
5055 0.86511
5060 0.864065
5065 0.86184
5070 0.858459
5075 0.854159
5080 0.849358
5085 0.844607
5090 0.840515
5095 0.837626
5100 0.836431
5105 0.837092
5110 0.83951
5115 0.843278
5120 0.847797
5125 0.852163
5130 0.85551
5135 0.857064
5140 0.856324
5145 0.853191
5150 0.848041
5155 0.841545
5160 0.834541
5165 0.828068
5170 0.823121
5175 0.820487
5180 0.820767
5185 0.824184
5190 0.830672
5195 0.839731
5200 0.85061
5205 0.862309
5210 0.873894
5215 0.884351
5220 0.892796
5225 0.898752
5230 0.902024
5235 0.902735
5240 0.901408
5245 0.898738
5250 0.895278
5255 0.891517
5260 0.887775
5265 0.884001
5270 0.879961
5275 0.875337
5280 0.869759
5285 0.862795
5290 0.854349
5295 0.844627
5300 0.834138
5305 0.823592
5310 0.813906
5315 0.805992
5320 0.800706
5325 0.798916
5330 0.801228
5335 0.807749
5340 0.818221
5345 0.831989
5350 0.84789
5355 0.864301
5360 0.879516
5365 0.891994
5370 0.900548
5375 0.904543
5380 0.903862
5385 0.899121
5390 0.89146
5395 0.882191
5400 0.872517
5405 0.863336
5410 0.855153
5415 0.847842
5420 0.840746
5425 0.832777
5430 0.822812
5435 0.809817
5440 0.793186
5445 0.772939
5450 0.749942
5455 0.725708
5460 0.702162
5465 0.681163
5470 0.664299
5475 0.652913
5480 0.647689
5485 0.648816
5490 0.655847
5495 0.667495
5500 0.681823
5505 0.696182
5510 0.707714
5515 0.713671
5520 0.712257
5525 0.702866
5530 0.68639
5535 0.664896
5540 0.641128
5545 0.618105
5550 0.598457
5555 0.583827
5560 0.574451
5565 0.569348
5570 0.566227
5575 0.561879
5580 0.552872
5585 0.53634
5590 0.510851
5595 0.476831
5600 0.436484
5605 0.393033
5610 0.349921
5615 0.309893
5620 0.274745
5625 0.245106
5630 0.220599
5635 0.200346
5640 0.182965
5645 0.167242
5650 0.152203
5655 0.137109
5660 0.121723
5665 0.106201
5670 0.0909896
5675 0.0767077
5680 0.0640589
5685 0.0533835
5690 0.0446855
5695 0.0375339
5700 0.0318972
5705 0.0274956
5710 0.0240662
5715 0.0213922
5720 0.019254
5725 0.0174855
5730 0.0159593
5735 0.0145583
5740 0.0132116
5745 0.0118747
5750 0.0105387
5755 0.00921772
5760 0.0079393
5765 0.00674293
5770 0.00566189
5775 0.0047037
5780 0.00338128
5785 0.00173514
5790 0.00036715
