@MEASUREMENT_RADIUS 21 cm
# lambda : Angstroms 
# tr : transmission ([0,1]) 
# end
3970 0
3975 0.000856588
3980 0.00310137
3985 0.00482066
3990 0.00564334
3995 0.00647264
4000 0.00730322
4005 0.00817575
4010 0.00916571
4015 0.0103864
4020 0.0119867
4025 0.0141955
4030 0.0173415
4035 0.0218801
4040 0.0285121
4045 0.038017
4050 0.0511179
4055 0.0683036
4060 0.0893053
4065 0.113439
4070 0.139758
4075 0.167064
4080 0.194973
4085 0.224112
4090 0.256383
4095 0.295005
4100 0.343238
4105 0.404156
4110 0.478881
4115 0.564498
4120 0.655252
4125 0.742112
4130 0.815863
4135 0.870986
4140 0.904952
4145 0.920468
4150 0.923896
4155 0.922135
4160 0.920663
4165 0.921762
4170 0.924585
4175 0.926618
4180 0.925026
4185 0.917843
4190 0.90491
4195 0.887796
4200 0.869116
4205 0.852157
4210 0.839828
4215 0.833669
4220 0.834233
4225 0.841206
4230 0.853346
4235 0.869028
4240 0.886559
4245 0.903974
4250 0.919512
4255 0.932052
4260 0.940709
4265 0.945113
4270 0.945735
4275 0.943541
4280 0.93973
4285 0.935557
4290 0.932059
4295 0.929618
4300 0.928222
4305 0.927472
4310 0.926622
4315 0.925007
4320 0.922442
4325 0.919056
4330 0.915351
4335 0.912125
4340 0.910217
4345 0.910116
4350 0.911877
4355 0.915439
4360 0.920277
4365 0.925631
4370 0.930843
4375 0.935317
4380 0.9386
4385 0.940746
4390 0.941921
4395 0.94228
4400 0.942185
4405 0.941974
4410 0.941875
4415 0.942059
4420 0.942619
4425 0.94334
4430 0.943987
4435 0.944006
4440 0.942856
4445 0.940129
4450 0.935632
4455 0.929409
4460 0.922047
4465 0.914519
4470 0.907823
4475 0.903048
4480 0.901027
4485 0.902142
4490 0.906088
4495 0.912106
4500 0.919303
4505 0.926629
4510 0.933163
4515 0.938306
4520 0.94188
4525 0.94403
4530 0.945228
4535 0.945884
4540 0.946346
4545 0.946682
4550 0.946877
4555 0.946658
4560 0.945741
4565 0.944052
4570 0.941647
4575 0.938642
4580 0.93541
4585 0.932296
4590 0.929444
4595 0.926962
4600 0.924747
4605 0.92257
4610 0.920253
4615 0.917699
4620 0.91496
4625 0.91219
4630 0.909709
4635 0.907818
4640 0.906583
4645 0.905976
4650 0.905675
4655 0.90521
4660 0.904247
4665 0.902531
4670 0.899944
4675 0.896766
4680 0.89362
4685 0.891327
4690 0.890759
4695 0.89259
4700 0.89705
4705 0.903824
4710 0.912188
4715 0.92104
4720 0.92915
4725 0.935393
4730 0.939004
4735 0.939732
4740 0.937907
4745 0.934293
4750 0.929957
4755 0.926003
4760 0.923507
4765 0.923084
4770 0.924887
4775 0.928692
4780 0.933938
4785 0.939827
4790 0.945565
4795 0.950487
4800 0.954102
4805 0.956085
4810 0.956424
4815 0.955256
4820 0.952692
4825 0.948908
4830 0.944103
4835 0.938418
4840 0.932004
4845 0.925272
4850 0.918732
4855 0.912814
4860 0.908178
4865 0.905357
4870 0.90465
4875 0.906255
4880 0.909966
4885 0.915252
4890 0.921248
4895 0.926857
4900 0.930939
4905 0.932478
4910 0.930821
4915 0.925686
4920 0.917551
4925 0.907321
4930 0.896096
4935 0.884924
4940 0.87483
4945 0.866561
4950 0.860551
4955 0.85698
4960 0.855597
4965 0.855975
4970 0.857648
4975 0.860132
4980 0.862965
4985 0.865847
4990 0.868686
4995 0.871462
5000 0.874213
5005 0.87709
5010 0.880029
5015 0.882902
5020 0.88557
5025 0.887757
5030 0.889099
5035 0.889364
5040 0.888504
5045 0.886567
5050 0.883819
5055 0.880734
5060 0.877855
5065 0.875639
5070 0.874532
5075 0.874879
5080 0.876711
5085 0.879793
5090 0.883736
5095 0.888
5100 0.891866
5105 0.894698
5110 0.89599
5115 0.895398
5120 0.892924
5125 0.888851
5130 0.883754
5135 0.878433
5140 0.873695
5145 0.870248
5150 0.868579
5155 0.869041
5160 0.871655
5165 0.87621
5170 0.882287
5175 0.889348
5180 0.896712
5185 0.90373
5190 0.90986
5195 0.914571
5200 0.917598
5205 0.918908
5210 0.91873
5215 0.917351
5220 0.915059
5225 0.912144
5230 0.908746
5235 0.904864
5240 0.900493
5245 0.895594
5250 0.889938
5255 0.883359
5260 0.875936
5265 0.867827
5270 0.859445
5275 0.851357
5280 0.844234
5285 0.838715
5290 0.835514
5295 0.835059
5300 0.83763
5305 0.843229
5310 0.851579
5315 0.862038
5320 0.873761
5325 0.885642
5330 0.896503
5335 0.905331
5340 0.911255
5345 0.91394
5350 0.913532
5355 0.910543
5360 0.905769
5365 0.90003
5370 0.894087
5375 0.888318
5380 0.882714
5385 0.876852
5390 0.869987
5395 0.861306
5400 0.85
5405 0.835534
5410 0.817894
5415 0.797594
5420 0.775801
5425 0.754008
5430 0.733876
5435 0.71703
5440 0.704644
5445 0.697604
5450 0.696282
5455 0.70029
5460 0.708521
5465 0.719211
5470 0.730021
5475 0.738361
5480 0.741967
5485 0.739229
5490 0.729627
5495 0.713926
5500 0.693949
5505 0.672173
5510 0.651191
5515 0.633324
5520 0.619981
5525 0.611635
5530 0.607572
5535 0.605892
5540 0.603817
5545 0.598101
5550 0.585642
5555 0.564258
5560 0.533575
5565 0.495234
5570 0.452288
5575 0.408201
5580 0.365976
5585 0.327545
5590 0.293898
5595 0.265055
5600 0.240108
5605 0.217951
5610 0.197439
5615 0.177624
5620 0.158003
5625 0.138543
5630 0.11957
5635 0.101675
5640 0.0853198
5645 0.0709531
5650 0.0588653
5655 0.0489866
5660 0.0411318
5665 0.034965
5670 0.0301526
5675 0.0264242
5680 0.0235208
5685 0.0212339
5690 0.0193621
5695 0.0176972
5700 0.0161623
5705 0.014672
5710 0.0131851
5715 0.0117034
5720 0.0102419
5725 0.00883745
5730 0.00753302
5735 0.0063602
5740 0.00534362
5745 0.00442585
5750 0.00321097
5755 0.00169595
5760 0.000383093
