@MEASUREMENT_RADIUS 4.7 cm
# lambda : Angstroms 
# tr : transmission ([0,1]) 
# end
6658.22 0
6663.22 0.000471255
6668.22 0.00140739
6673.22 0.00239018
6678.22 0.00342161
6683.22 0.00371403
6688.22 0.00393874
6693.22 0.0041819
6698.22 0.00444286
6703.22 0.00472056
6708.22 0.00501732
6713.22 0.00533326
6718.22 0.00567114
6723.22 0.00603236
6728.22 0.00641901
6733.22 0.00683389
6738.22 0.00727727
6743.22 0.00775513
6748.22 0.00827386
6753.22 0.00883028
6758.22 0.00942649
6763.22 0.0100666
6768.22 0.0107481
6773.22 0.0114832
6778.22 0.0122755
6783.22 0.0131257
6788.22 0.0140442
6793.22 0.0150307
6798.22 0.0160919
6803.22 0.0172374
6808.22 0.0184681
6813.22 0.0197956
6818.22 0.021227
6823.22 0.0227678
6828.22 0.0244392
6833.22 0.0262443
6838.22 0.0281937
6843.22 0.0303103
6848.22 0.032598
6853.22 0.0350812
6858.22 0.0377907
6863.22 0.0407344
6868.22 0.0439344
6873.22 0.047395
6878.22 0.0511113
6883.22 0.0551206
6888.22 0.0594484
6893.22 0.0641324
6898.22 0.0692208
6903.22 0.0747211
6908.22 0.0806698
6913.22 0.0871189
6918.22 0.0940798
6923.22 0.101634
6928.22 0.10984
6933.22 0.118724
6938.22 0.128342
6943.22 0.138722
6948.22 0.14984
6953.22 0.161781
6958.22 0.174548
6963.22 0.18822
6968.22 0.202942
6973.22 0.218699
6978.22 0.23556
6983.22 0.253505
6988.22 0.272404
6993.22 0.292371
6998.22 0.313362
7003.22 0.335303
7008.22 0.358295
7013.22 0.382125
7018.22 0.406799
7023.22 0.432297
7028.22 0.458382
7033.22 0.485036
7038.22 0.51201
7043.22 0.539082
7048.22 0.566201
7053.22 0.593178
7058.22 0.619843
7063.22 0.646217
7068.22 0.671921
7073.22 0.696865
7078.22 0.721045
7083.22 0.744155
7088.22 0.766265
7093.22 0.787195
7098.22 0.806637
7103.22 0.824665
7108.22 0.841152
7113.22 0.856179
7118.22 0.869906
7123.22 0.882304
7128.22 0.893446
7133.22 0.90337
7138.22 0.912134
7143.22 0.919842
7148.22 0.926592
7153.22 0.932428
7158.22 0.937445
7163.22 0.941706
7168.22 0.945294
7173.22 0.948267
7178.22 0.950697
7183.22 0.952623
7188.22 0.95414
7193.22 0.955309
7198.22 0.956179
7203.22 0.956824
7208.22 0.957294
7213.22 0.95761
7218.22 0.957784
7223.22 0.957811
7228.22 0.95774
7233.22 0.95761
7238.22 0.957455
7243.22 0.957287
7248.22 0.957113
7253.22 0.956927
7258.22 0.956757
7263.22 0.956623
7268.22 0.95649
7273.22 0.956377
7278.22 0.956287
7283.22 0.956257
7288.22 0.956247
7293.22 0.956284
7298.22 0.956364
7303.22 0.956468
7308.22 0.95665
7313.22 0.956841
7318.22 0.957059
7323.22 0.957309
7328.22 0.957532
7333.22 0.957747
7338.22 0.957985
7343.22 0.958189
7348.22 0.958451
7353.22 0.958747
7358.22 0.958987
7363.22 0.959205
7368.22 0.959397
7373.22 0.959555
7378.22 0.959688
7383.22 0.959829
7388.22 0.9599
7393.22 0.95996
7398.22 0.960018
7403.22 0.960019
7408.22 0.959981
7413.22 0.95991
7418.22 0.959757
7423.22 0.959555
7428.22 0.959304
7433.22 0.958956
7438.22 0.958576
7443.22 0.958153
7448.22 0.957697
7453.22 0.957213
7458.22 0.956669
7463.22 0.956052
7468.22 0.95537
7473.22 0.954664
7478.22 0.953928
7483.22 0.95318
7488.22 0.952362
7493.22 0.95148
7498.22 0.950606
7503.22 0.949666
7508.22 0.948753
7513.22 0.947819
7518.22 0.946825
7523.22 0.945851
7528.22 0.944871
7533.22 0.943895
7538.22 0.942943
7543.22 0.94196
7548.22 0.940975
7553.22 0.94003
7558.22 0.939086
7563.22 0.938215
7568.22 0.9374
7573.22 0.936562
7578.22 0.935767
7583.22 0.935016
7588.22 0.9343
7593.22 0.933688
7598.22 0.93314
7603.22 0.932625
7608.22 0.932178
7613.22 0.931788
7618.22 0.931469
7623.22 0.931241
7628.22 0.931107
7633.22 0.931027
7638.22 0.931029
7643.22 0.931082
7648.22 0.931215
7653.22 0.931465
7658.22 0.931807
7663.22 0.93223
7668.22 0.932709
7673.22 0.933268
7678.22 0.933904
7683.22 0.934638
7688.22 0.935459
7693.22 0.936322
7698.22 0.937241
7703.22 0.938254
7708.22 0.939326
7713.22 0.940467
7718.22 0.94168
7723.22 0.942931
7728.22 0.944233
7733.22 0.945584
7738.22 0.946986
7743.22 0.948437
7748.22 0.949917
7753.22 0.951454
7758.22 0.952987
7763.22 0.954498
7768.22 0.956042
7773.22 0.95753
7778.22 0.959044
7783.22 0.96057
7788.22 0.962006
7793.22 0.963384
7798.22 0.964747
7803.22 0.966019
7808.22 0.967304
7813.22 0.96856
7818.22 0.969715
7823.22 0.97083
7828.22 0.97187
7833.22 0.972819
7838.22 0.973735
7843.22 0.974533
7848.22 0.975198
7853.22 0.97581
7858.22 0.976333
7863.22 0.976742
7868.22 0.977078
7873.22 0.977288
7878.22 0.977391
7883.22 0.977427
7888.22 0.977378
7893.22 0.977248
7898.22 0.977017
7903.22 0.976661
7908.22 0.976254
7913.22 0.975788
7918.22 0.975289
7923.22 0.974726
7928.22 0.974086
7933.22 0.97342
7938.22 0.972703
7943.22 0.971922
7948.22 0.971124
7953.22 0.970269
7958.22 0.969386
7963.22 0.968534
7968.22 0.967659
7973.22 0.966834
7978.22 0.966
7983.22 0.965171
7988.22 0.964399
7993.22 0.963655
7998.22 0.962931
8003.22 0.962283
8008.22 0.961702
8013.22 0.961207
8018.22 0.960777
8023.22 0.960538
8028.22 0.960502
8033.22 0.960491
8038.22 0.960526
8043.22 0.96057
8048.22 0.960471
8053.22 0.96039
8058.22 0.960362
8063.22 0.960375
8068.22 0.960411
8073.22 0.960448
8078.22 0.960515
8083.22 0.960572
8088.22 0.960632
8093.22 0.96071
8098.22 0.960747
8103.22 0.960757
8108.22 0.960727
8113.22 0.960627
8118.22 0.960466
8123.22 0.960229
8128.22 0.959872
8133.22 0.959394
8138.22 0.958793
8143.22 0.958058
8148.22 0.957182
8153.22 0.956153
8158.22 0.95493
8163.22 0.953479
8168.22 0.951794
8173.22 0.949894
8178.22 0.947794
8183.22 0.945499
8188.22 0.942988
8193.22 0.940187
8198.22 0.937069
8203.22 0.933686
8208.22 0.930057
8213.22 0.926236
8218.22 0.922223
8223.22 0.917957
8228.22 0.913398
8233.22 0.908565
8238.22 0.90355
8243.22 0.898403
8248.22 0.893186
8253.22 0.887869
8258.22 0.882342
8263.22 0.876649
8268.22 0.870853
8273.22 0.865014
8278.22 0.859245
8283.22 0.853581
8288.22 0.847909
8293.22 0.842204
8298.22 0.8365
8303.22 0.830896
8308.22 0.825464
8313.22 0.820281
8318.22 0.815329
8323.22 0.810527
8328.22 0.805848
8333.22 0.801355
8338.22 0.797121
8343.22 0.793189
8348.22 0.789586
8353.22 0.786265
8358.22 0.783165
8363.22 0.780276
8368.22 0.777627
8373.22 0.775221
8378.22 0.773044
8383.22 0.771057
8388.22 0.769158
8393.22 0.767277
8398.22 0.765379
8403.22 0.763403
8408.22 0.761286
8413.22 0.758971
8418.22 0.756311
8423.22 0.753108
8428.22 0.749227
8433.22 0.744618
8438.22 0.739192
8443.22 0.732874
8448.22 0.725606
8453.22 0.717092
8458.22 0.707035
8463.22 0.695464
8468.22 0.682454
8473.22 0.668077
8478.22 0.65233
8483.22 0.635142
8488.22 0.616307
8493.22 0.595702
8498.22 0.573751
8503.22 0.550914
8508.22 0.527464
8513.22 0.503393
8518.22 0.478534
8523.22 0.452905
8528.22 0.426773
8533.22 0.400587
8538.22 0.374983
8543.22 0.350305
8548.22 0.326263
8553.22 0.30267
8558.22 0.279666
8563.22 0.257477
8568.22 0.236409
8573.22 0.216899
8578.22 0.198957
8583.22 0.182226
8588.22 0.166492
8593.22 0.151852
8598.22 0.138344
8603.22 0.125981
8608.22 0.114908
8613.22 0.104909
8618.22 0.0957498
8623.22 0.0872955
8628.22 0.0795893
8633.22 0.0726578
8638.22 0.066431
8643.22 0.0608592
8648.22 0.055843
8653.22 0.0512317
8658.22 0.0469861
8663.22 0.0431155
8668.22 0.0396287
8673.22 0.0365093
8678.22 0.0337075
8683.22 0.0311405
8688.22 0.0287695
8693.22 0.0265788
8698.22 0.0245762
8703.22 0.0227595
8708.22 0.0211267
8713.22 0.0196407
8718.22 0.0182639
8723.22 0.0169838
8728.22 0.0158006
8733.22 0.0147089
8738.22 0.0137144
8743.22 0.0128131
8748.22 0.0119768
8753.22 0.0111955
8758.22 0.0104764
8763.22 0.00980904
8768.22 0.0091963
8773.22 0.00864718
8778.22 0.00814124
8783.22 0.00766131
8788.22 0.00720971
8793.22 0.0067898
8798.22 0.00639902
8803.22 0.00604364
8808.22 0.00572102
8813.22 0.00542083
8818.22 0.00513146
8823.22 0.0048538
8828.22 0.0045884
8833.22 0.00434269
8838.22 0.00411723
8843.22 0.00391358
8848.22 0.00372468
8853.22 0.003549
8858.22 0.00333592
8863.22 0.00263811
8868.22 0.00190109
8873.22 0.00119959
8878.22 0.000537829
8883.22 0
8888.22 0
