@MEASUREMENT_RADIUS 9.3 cm
# lambda : Angstroms 
# tr : transmission ([0,1]) 
# end
6611.41 0
6616.41 0.000440286
6621.41 0.00135456
6626.41 0.00232772
6631.41 0.00332678
6636.41 0.00364515
6641.41 0.00387365
6646.41 0.0041158
6651.41 0.00437191
6656.41 0.00464457
6661.41 0.00493796
6666.41 0.00525322
6671.41 0.00558919
6676.41 0.00594634
6681.41 0.00632646
6686.41 0.00673398
6691.41 0.0071748
6696.41 0.00765066
6701.41 0.00816347
6706.41 0.00871571
6711.41 0.0093069
6716.41 0.00994097
6721.41 0.0106223
6726.41 0.011352
6731.41 0.012138
6736.41 0.0129872
6741.41 0.0139015
6746.41 0.0148955
6751.41 0.0159699
6756.41 0.0171245
6761.41 0.0183728
6766.41 0.0197116
6771.41 0.0211559
6776.41 0.0227221
6781.41 0.0244096
6786.41 0.0262398
6791.41 0.0282179
6796.41 0.0303528
6801.41 0.0326686
6806.41 0.0351669
6811.41 0.0378656
6816.41 0.0407909
6821.41 0.0439491
6826.41 0.0473735
6831.41 0.0510933
6836.41 0.0551146
6841.41 0.0594885
6846.41 0.0642329
6851.41 0.0693848
6856.41 0.0750036
6861.41 0.08113
6866.41 0.0877936
6871.41 0.0950104
6876.41 0.102768
6881.41 0.111106
6886.41 0.120087
6891.41 0.129756
6896.41 0.140199
6901.41 0.151449
6906.41 0.163512
6911.41 0.176488
6916.41 0.190381
6921.41 0.205263
6926.41 0.221246
6931.41 0.238307
6936.41 0.256489
6941.41 0.275787
6946.41 0.296097
6951.41 0.317412
6956.41 0.339686
6961.41 0.362848
6966.41 0.387031
6971.41 0.412138
6976.41 0.438069
6981.41 0.464706
6986.41 0.491733
6991.41 0.519037
6996.41 0.546527
7001.41 0.573939
7006.41 0.601196
7011.41 0.628134
7016.41 0.654489
7021.41 0.680233
7026.41 0.705117
7031.41 0.728985
7036.41 0.751812
7041.41 0.773364
7046.41 0.793629
7051.41 0.812574
7056.41 0.830101
7061.41 0.846334
7066.41 0.861227
7071.41 0.874739
7076.41 0.887007
7081.41 0.897989
7086.41 0.907761
7091.41 0.916419
7096.41 0.923954
7101.41 0.930475
7106.41 0.936052
7111.41 0.940749
7116.41 0.944681
7121.41 0.947944
7126.41 0.950602
7131.41 0.952749
7136.41 0.954436
7141.41 0.955722
7146.41 0.95669
7151.41 0.957349
7156.41 0.957743
7161.41 0.957936
7166.41 0.957959
7171.41 0.957841
7176.41 0.9576
7181.41 0.957261
7186.41 0.956853
7191.41 0.956411
7196.41 0.95597
7201.41 0.955537
7206.41 0.95512
7211.41 0.954738
7216.41 0.954364
7221.41 0.954012
7226.41 0.9537
7231.41 0.953421
7236.41 0.953197
7241.41 0.953004
7246.41 0.952843
7251.41 0.952732
7256.41 0.952682
7261.41 0.952702
7266.41 0.952754
7271.41 0.952833
7276.41 0.952918
7281.41 0.953026
7286.41 0.953188
7291.41 0.953393
7296.41 0.953622
7301.41 0.953863
7306.41 0.954139
7311.41 0.95442
7316.41 0.954709
7321.41 0.955037
7326.41 0.955352
7331.41 0.955629
7336.41 0.955906
7341.41 0.956124
7346.41 0.956284
7351.41 0.956477
7356.41 0.956613
7361.41 0.956735
7366.41 0.956864
7371.41 0.956922
7376.41 0.956931
7381.41 0.956909
7386.41 0.9568
7391.41 0.956664
7396.41 0.956534
7401.41 0.956358
7406.41 0.956116
7411.41 0.955799
7416.41 0.955418
7421.41 0.95497
7426.41 0.954498
7431.41 0.954012
7436.41 0.953457
7441.41 0.95287
7446.41 0.952246
7451.41 0.951586
7456.41 0.950892
7461.41 0.950139
7466.41 0.949343
7471.41 0.948541
7476.41 0.947713
7481.41 0.946883
7486.41 0.946037
7491.41 0.945127
7496.41 0.944256
7501.41 0.943369
7506.41 0.942487
7511.41 0.941614
7516.41 0.940725
7521.41 0.939854
7526.41 0.939011
7531.41 0.938209
7536.41 0.937445
7541.41 0.936708
7546.41 0.936001
7551.41 0.935323
7556.41 0.93466
7561.41 0.934059
7566.41 0.933537
7571.41 0.933047
7576.41 0.932654
7581.41 0.932338
7586.41 0.932044
7591.41 0.931844
7596.41 0.931733
7601.41 0.931664
7606.41 0.931681
7611.41 0.931786
7616.41 0.931929
7621.41 0.932147
7626.41 0.932468
7631.41 0.932879
7636.41 0.93339
7641.41 0.93396
7646.41 0.934574
7651.41 0.935268
7656.41 0.936024
7661.41 0.936839
7666.41 0.937745
7671.41 0.938706
7676.41 0.939716
7681.41 0.940822
7686.41 0.942007
7691.41 0.943232
7696.41 0.9445
7701.41 0.945805
7706.41 0.947127
7711.41 0.948482
7716.41 0.949857
7721.41 0.951197
7726.41 0.952566
7731.41 0.953954
7736.41 0.955347
7741.41 0.956782
7746.41 0.958185
7751.41 0.959533
7756.41 0.960827
7761.41 0.962056
7766.41 0.963258
7771.41 0.964424
7776.41 0.965572
7781.41 0.966697
7786.41 0.967723
7791.41 0.968626
7796.41 0.969426
7801.41 0.970133
7806.41 0.970768
7811.41 0.971348
7816.41 0.971844
7821.41 0.972235
7826.41 0.972512
7831.41 0.972656
7836.41 0.972695
7841.41 0.97264
7846.41 0.972465
7851.41 0.972229
7856.41 0.971933
7861.41 0.971529
7866.41 0.971041
7871.41 0.970452
7876.41 0.969755
7881.41 0.968989
7886.41 0.968133
7891.41 0.967252
7896.41 0.96632
7901.41 0.965308
7906.41 0.964294
7911.41 0.963235
7916.41 0.962157
7921.41 0.961086
7926.41 0.959968
7931.41 0.958829
7936.41 0.957699
7941.41 0.956565
7946.41 0.955464
7951.41 0.954389
7956.41 0.953346
7961.41 0.952404
7966.41 0.951532
7971.41 0.950684
7976.41 0.949919
7981.41 0.949156
7986.41 0.948425
7991.41 0.94783
7996.41 0.947292
8001.41 0.946842
8006.41 0.946509
8011.41 0.946252
8016.41 0.946084
8021.41 0.946057
8026.41 0.946237
8031.41 0.94647
8036.41 0.946692
8041.41 0.946897
8046.41 0.946933
8051.41 0.946891
8056.41 0.94688
8061.41 0.946878
8066.41 0.946868
8071.41 0.946822
8076.41 0.94673
8081.41 0.9466
8086.41 0.94641
8091.41 0.946156
8096.41 0.94582
8101.41 0.945362
8106.41 0.944793
8111.41 0.9441
8116.41 0.943261
8121.41 0.942274
8126.41 0.941095
8131.41 0.9397
8136.41 0.9381
8141.41 0.936301
8146.41 0.934301
8151.41 0.932114
8156.41 0.929674
8161.41 0.926952
8166.41 0.923948
8171.41 0.920672
8176.41 0.917189
8181.41 0.913523
8186.41 0.909643
8191.41 0.905507
8196.41 0.901061
8201.41 0.896343
8206.41 0.891429
8211.41 0.886385
8216.41 0.881239
8221.41 0.875946
8226.41 0.870446
8231.41 0.864755
8236.41 0.858946
8241.41 0.853135
8246.41 0.847384
8251.41 0.841702
8256.41 0.836012
8261.41 0.830279
8266.41 0.824583
8271.41 0.818989
8276.41 0.813583
8281.41 0.808434
8286.41 0.803481
8291.41 0.798643
8296.41 0.793914
8301.41 0.789383
8306.41 0.785092
8311.41 0.781096
8316.41 0.777415
8321.41 0.773988
8326.41 0.770745
8331.41 0.767699
8336.41 0.764888
8341.41 0.762304
8346.41 0.759941
8351.41 0.757756
8356.41 0.755645
8361.41 0.753546
8366.41 0.751431
8371.41 0.749232
8376.41 0.746889
8381.41 0.744314
8386.41 0.741345
8391.41 0.737815
8396.41 0.73366
8401.41 0.728805
8406.41 0.723171
8411.41 0.716742
8416.41 0.709349
8421.41 0.700684
8426.41 0.690571
8431.41 0.679021
8436.41 0.666052
8441.41 0.651781
8446.41 0.636342
8451.41 0.61955
8456.41 0.601102
8461.41 0.581081
8466.41 0.559824
8471.41 0.537638
8476.41 0.514791
8481.41 0.491462
8486.41 0.46746
8491.41 0.442645
8496.41 0.417355
8501.41 0.392183
8506.41 0.367531
8511.41 0.343594
8516.41 0.32029
8521.41 0.297505
8526.41 0.275289
8531.41 0.25388
8536.41 0.233686
8541.41 0.214966
8546.41 0.19756
8551.41 0.181194
8556.41 0.165748
8561.41 0.151266
8566.41 0.137823
8571.41 0.125587
8576.41 0.114609
8581.41 0.104661
8586.41 0.0954927
8591.41 0.0870559
8596.41 0.0793328
8601.41 0.0723127
8606.41 0.0660281
8611.41 0.0604326
8616.41 0.0553608
8621.41 0.0507005
8626.41 0.0464365
8631.41 0.0425863
8636.41 0.0391288
8641.41 0.0360239
8646.41 0.0332492
8651.41 0.0307079
8656.41 0.0283568
8661.41 0.0261896
8666.41 0.0242174
8671.41 0.0224411
8676.41 0.0208315
8681.41 0.019358
8686.41 0.0179956
8691.41 0.0167293
8696.41 0.015558
8701.41 0.0144888
8706.41 0.0135255
8711.41 0.0126488
8716.41 0.0118348
8721.41 0.0110761
8726.41 0.0103694
8731.41 0.00970991
8736.41 0.00910355
8741.41 0.00855186
8746.41 0.00804062
8751.41 0.00756045
8756.41 0.00711478
8761.41 0.00670296
8766.41 0.00632314
8771.41 0.00597776
8776.41 0.00566214
8781.41 0.00536187
8786.41 0.00506992
8791.41 0.00479455
8796.41 0.00453533
8801.41 0.00429303
8806.41 0.00407483
8811.41 0.00388182
8816.41 0.00369866
8821.41 0.00343643
8826.41 0.00280181
8831.41 0.00203674
8836.41 0.00130217
8841.41 0.000615056
8846.41 3.52903e-05
8851.41 0
