@MEASUREMENT_RADIUS 14 cm
# lambda : Angstroms 
# tr : transmission ([0,1]) 
# end
6590.6 2.4362e-05
6595.6 0.000472542
6600.6 0.00139781
6605.6 0.00240451
6610.6 0.00341469
6615.6 0.0037761
6620.6 0.00401465
6625.6 0.00427094
6630.6 0.00454712
6635.6 0.00484401
6640.6 0.00516331
6645.6 0.00550537
6650.6 0.00586923
6655.6 0.00625559
6660.6 0.00666838
6665.6 0.0071131
6670.6 0.00759132
6675.6 0.00810619
6680.6 0.00865714
6685.6 0.00924511
6690.6 0.00988023
6695.6 0.0105658
6700.6 0.0113084
6705.6 0.0121143
6710.6 0.0129847
6715.6 0.0139205
6720.6 0.014927
6725.6 0.0160097
6730.6 0.0171784
6735.6 0.0184438
6740.6 0.0198134
6745.6 0.0213021
6750.6 0.0229182
6755.6 0.0246651
6760.6 0.026557
6765.6 0.0286001
6770.6 0.0308079
6775.6 0.0332062
6780.6 0.0358022
6785.6 0.0386179
6790.6 0.0416804
6795.6 0.0449928
6800.6 0.0485873
6805.6 0.0524826
6810.6 0.0566948
6815.6 0.0612732
6820.6 0.066234
6825.6 0.071625
6830.6 0.0774947
6835.6 0.083852
6840.6 0.0907632
6845.6 0.0982564
6850.6 0.106382
6855.6 0.115235
6860.6 0.124862
6865.6 0.135305
6870.6 0.146588
6875.6 0.158674
6880.6 0.171599
6885.6 0.185432
6890.6 0.200219
6895.6 0.216067
6900.6 0.233001
6905.6 0.250987
6910.6 0.270087
6915.6 0.290269
6920.6 0.311529
6925.6 0.333987
6930.6 0.357516
6935.6 0.382108
6940.6 0.407678
6945.6 0.433975
6950.6 0.460889
6955.6 0.488263
6960.6 0.515904
6965.6 0.543869
6970.6 0.571988
6975.6 0.600063
6980.6 0.627933
6985.6 0.655251
6990.6 0.681829
6995.6 0.707565
7000.6 0.732223
7005.6 0.755754
7010.6 0.778089
7015.6 0.799059
7020.6 0.818709
7025.6 0.836954
7030.6 0.853705
7035.6 0.869085
7040.6 0.882999
7045.6 0.895528
7050.6 0.906747
7055.6 0.916644
7060.6 0.925378
7065.6 0.933017
7070.6 0.939601
7075.6 0.945281
7080.6 0.950084
7085.6 0.954098
7090.6 0.957415
7095.6 0.96004
7100.6 0.962067
7105.6 0.963544
7110.6 0.964559
7115.6 0.965214
7120.6 0.965544
7125.6 0.965611
7130.6 0.965433
7135.6 0.965042
7140.6 0.9645
7145.6 0.963815
7150.6 0.963028
7155.6 0.962161
7160.6 0.961238
7165.6 0.960315
7170.6 0.9594
7175.6 0.958486
7180.6 0.957566
7185.6 0.956636
7190.6 0.95573
7195.6 0.954866
7200.6 0.954072
7205.6 0.953331
7210.6 0.952682
7215.6 0.95207
7220.6 0.951502
7225.6 0.951003
7230.6 0.950548
7235.6 0.950189
7240.6 0.949895
7245.6 0.949643
7250.6 0.949459
7255.6 0.949326
7260.6 0.949258
7265.6 0.949249
7270.6 0.949274
7275.6 0.949334
7280.6 0.949442
7285.6 0.949607
7290.6 0.949812
7295.6 0.950072
7300.6 0.95035
7305.6 0.950649
7310.6 0.950987
7315.6 0.951341
7320.6 0.95174
7325.6 0.952124
7330.6 0.952495
7335.6 0.952861
7340.6 0.9532
7345.6 0.953518
7350.6 0.953857
7355.6 0.954149
7360.6 0.95442
7365.6 0.954687
7370.6 0.954934
7375.6 0.955157
7380.6 0.955349
7385.6 0.955482
7390.6 0.955579
7395.6 0.955671
7400.6 0.95572
7405.6 0.955701
7410.6 0.955629
7415.6 0.955512
7420.6 0.95535
7425.6 0.95515
7430.6 0.954892
7435.6 0.954546
7440.6 0.954153
7445.6 0.953752
7450.6 0.953336
7455.6 0.952896
7460.6 0.9524
7465.6 0.951823
7470.6 0.951201
7475.6 0.950584
7480.6 0.949947
7485.6 0.949294
7490.6 0.948606
7495.6 0.947913
7500.6 0.947199
7505.6 0.946482
7510.6 0.945768
7515.6 0.945047
7520.6 0.944338
7525.6 0.943658
7530.6 0.942986
7535.6 0.942313
7540.6 0.94166
7545.6 0.941032
7550.6 0.940453
7555.6 0.93993
7560.6 0.939467
7565.6 0.939065
7570.6 0.938685
7575.6 0.938343
7580.6 0.938039
7585.6 0.937783
7590.6 0.937612
7595.6 0.937525
7600.6 0.93748
7605.6 0.93751
7610.6 0.937622
7615.6 0.937812
7620.6 0.938071
7625.6 0.938409
7630.6 0.938804
7635.6 0.939279
7640.6 0.939838
7645.6 0.940452
7650.6 0.941123
7655.6 0.941874
7660.6 0.942696
7665.6 0.943571
7670.6 0.944508
7675.6 0.945485
7680.6 0.946513
7685.6 0.947627
7690.6 0.948769
7695.6 0.94992
7700.6 0.951116
7705.6 0.952336
7710.6 0.953579
7715.6 0.954849
7720.6 0.956106
7725.6 0.957349
7730.6 0.95858
7735.6 0.9598
7740.6 0.961019
7745.6 0.962199
7750.6 0.963352
7755.6 0.964464
7760.6 0.965506
7765.6 0.966491
7770.6 0.967401
7775.6 0.968253
7780.6 0.969056
7785.6 0.969742
7790.6 0.970294
7795.6 0.970737
7800.6 0.971056
7805.6 0.971296
7810.6 0.971486
7815.6 0.971539
7820.6 0.971449
7825.6 0.97126
7830.6 0.970915
7835.6 0.970491
7840.6 0.969965
7845.6 0.969275
7850.6 0.96851
7855.6 0.967639
7860.6 0.966662
7865.6 0.965605
7870.6 0.964439
7875.6 0.963165
7880.6 0.961821
7885.6 0.960388
7890.6 0.958888
7895.6 0.957366
7900.6 0.955768
7905.6 0.954128
7910.6 0.952475
7915.6 0.950802
7920.6 0.949147
7925.6 0.947491
7930.6 0.945839
7935.6 0.944205
7940.6 0.942541
7945.6 0.940904
7950.6 0.939341
7955.6 0.937807
7960.6 0.936376
7965.6 0.935048
7970.6 0.933765
7975.6 0.932566
7980.6 0.931425
7985.6 0.93034
7990.6 0.929369
7995.6 0.928483
8000.6 0.927711
8005.6 0.927088
8010.6 0.92659
8015.6 0.926208
8020.6 0.926012
8025.6 0.926044
8030.6 0.926244
8035.6 0.926472
8040.6 0.926739
8045.6 0.926885
8050.6 0.926883
8055.6 0.926915
8060.6 0.926981
8065.6 0.927065
8070.6 0.927149
8075.6 0.927221
8080.6 0.927276
8085.6 0.927304
8090.6 0.927292
8095.6 0.927223
8100.6 0.927073
8105.6 0.926835
8110.6 0.926491
8115.6 0.926029
8120.6 0.925436
8125.6 0.924665
8130.6 0.923708
8135.6 0.922542
8140.6 0.921171
8145.6 0.919602
8150.6 0.917844
8155.6 0.915847
8160.6 0.913575
8165.6 0.911014
8170.6 0.90817
8175.6 0.905079
8180.6 0.901779
8185.6 0.898259
8190.6 0.894462
8195.6 0.890336
8200.6 0.885895
8205.6 0.881183
8210.6 0.876236
8215.6 0.871109
8220.6 0.865802
8225.6 0.860265
8230.6 0.854518
8235.6 0.848674
8240.6 0.842779
8245.6 0.836888
8250.6 0.831034
8255.6 0.825153
8260.6 0.8192
8265.6 0.813232
8270.6 0.807314
8275.6 0.801535
8280.6 0.795975
8285.6 0.790587
8290.6 0.785317
8295.6 0.780141
8300.6 0.775129
8305.6 0.77035
8310.6 0.765857
8315.6 0.761689
8320.6 0.757796
8325.6 0.754119
8330.6 0.750657
8335.6 0.747434
8340.6 0.744483
8345.6 0.741808
8350.6 0.739375
8355.6 0.737117
8360.6 0.734966
8365.6 0.732883
8370.6 0.730834
8375.6 0.72877
8380.6 0.72662
8385.6 0.724263
8390.6 0.721569
8395.6 0.718435
8400.6 0.714788
8405.6 0.710544
8410.6 0.705647
8415.6 0.699958
8420.6 0.693244
8425.6 0.685322
8430.6 0.676123
8435.6 0.665647
8440.6 0.653932
8445.6 0.641028
8450.6 0.626797
8455.6 0.610982
8460.6 0.593522
8465.6 0.574641
8470.6 0.554615
8475.6 0.533669
8480.6 0.511961
8485.6 0.489402
8490.6 0.465867
8495.6 0.441557
8500.6 0.417036
8505.6 0.392764
8510.6 0.368922
8515.6 0.345493
8520.6 0.322343
8525.6 0.299523
8530.6 0.277259
8535.6 0.25598
8540.6 0.23606
8545.6 0.217436
8550.6 0.199831
8555.6 0.183115
8560.6 0.167331
8565.6 0.152574
8570.6 0.139034
8575.6 0.126827
8580.6 0.115763
8585.6 0.105601
8590.6 0.0962368
8595.6 0.0876571
8600.6 0.0798438
8605.6 0.072814
8610.6 0.0665628
8615.6 0.0608957
8620.6 0.0557033
8625.6 0.0509533
8630.6 0.04665
8635.6 0.0427844
8640.6 0.0393152
8645.6 0.0362143
8650.6 0.033391
8655.6 0.0307794
8660.6 0.0283787
8665.6 0.0261925
8670.6 0.0242203
8675.6 0.0224482
8680.6 0.0208386
8685.6 0.019354
8690.6 0.0179758
8695.6 0.0167034
8700.6 0.0155403
8705.6 0.0144875
8710.6 0.0135283
8715.6 0.0126405
8720.6 0.0118153
8725.6 0.0110462
8730.6 0.0103327
8735.6 0.00967981
8740.6 0.0090823
8745.6 0.00853202
8750.6 0.00801861
8755.6 0.00753506
8760.6 0.00708646
8765.6 0.00666873
8770.6 0.006288
8775.6 0.0059423
8780.6 0.00562009
8785.6 0.00531405
8790.6 0.00502594
8795.6 0.00475551
8800.6 0.0044985
8805.6 0.00426546
8810.6 0.00405624
8815.6 0.00385827
8820.6 0.0036703
8825.6 0.00340152
8830.6 0.0028867
8835.6 0.00214449
8840.6 0.0014205
8845.6 0.000735738
8850.6 0.000134946
8855.6 0
