@MEASUREMENT_RADIUS 16.3 cm
# lambda : Angstroms 
# tr : transmission ([0,1]) 
# end
6564.6 4.23914e-05
6569.6 0.000467554
6574.6 0.00134613
6579.6 0.00232735
6584.6 0.00330103
6589.6 0.00367009
6594.6 0.00390687
6599.6 0.00415875
6604.6 0.00442791
6609.6 0.00471559
6614.6 0.00502461
6619.6 0.00535682
6624.6 0.00571468
6629.6 0.00609977
6634.6 0.00651493
6639.6 0.00696496
6644.6 0.00744901
6649.6 0.00796904
6654.6 0.0085229
6659.6 0.00911684
6664.6 0.00975504
6669.6 0.0104425
6674.6 0.0111839
6679.6 0.0119827
6684.6 0.0128428
6689.6 0.013773
6694.6 0.0147817
6699.6 0.0158758
6704.6 0.017066
6709.6 0.0183563
6714.6 0.0197499
6719.6 0.0212574
6724.6 0.0228858
6729.6 0.024648
6734.6 0.0265612
6739.6 0.0286381
6744.6 0.0309036
6749.6 0.0333739
6754.6 0.0360535
6759.6 0.0389652
6764.6 0.0421199
6769.6 0.0455405
6774.6 0.0492658
6779.6 0.053308
6784.6 0.0577058
6789.6 0.0624961
6794.6 0.067694
6799.6 0.0733459
6804.6 0.0794749
6809.6 0.0861051
6814.6 0.0933058
6819.6 0.101108
6824.6 0.109573
6829.6 0.118779
6834.6 0.128737
6839.6 0.139518
6844.6 0.151186
6849.6 0.163778
6854.6 0.177412
6859.6 0.192143
6864.6 0.208002
6869.6 0.225009
6874.6 0.243088
6879.6 0.262194
6884.6 0.28238
6889.6 0.303651
6894.6 0.326068
6899.6 0.349591
6904.6 0.374102
6909.6 0.399568
6914.6 0.425885
6919.6 0.452924
6924.6 0.480694
6929.6 0.508986
6934.6 0.537657
6939.6 0.566525
6944.6 0.595256
6949.6 0.623622
6954.6 0.651433
6959.6 0.678489
6964.6 0.704765
6969.6 0.730171
6974.6 0.75454
6979.6 0.777743
6984.6 0.799561
6989.6 0.81988
6994.6 0.83873
6999.6 0.856053
7004.6 0.871873
7009.6 0.886244
7014.6 0.899182
7019.6 0.910762
7024.6 0.921072
7029.6 0.9301
7034.6 0.938005
7039.6 0.944802
7044.6 0.950585
7049.6 0.955492
7054.6 0.95954
7059.6 0.962851
7064.6 0.965516
7069.6 0.967564
7074.6 0.969092
7079.6 0.970167
7084.6 0.97082
7089.6 0.971125
7094.6 0.971122
7099.6 0.970845
7104.6 0.970332
7109.6 0.969618
7114.6 0.968763
7119.6 0.967815
7124.6 0.966796
7129.6 0.965691
7134.6 0.964498
7139.6 0.963268
7144.6 0.962022
7149.6 0.960786
7154.6 0.959579
7159.6 0.958366
7164.6 0.95717
7169.6 0.956014
7174.6 0.954892
7179.6 0.953814
7184.6 0.952776
7189.6 0.951819
7194.6 0.950947
7199.6 0.950146
7204.6 0.949406
7209.6 0.948745
7214.6 0.948134
7219.6 0.947563
7224.6 0.947067
7229.6 0.94663
7234.6 0.946264
7239.6 0.945995
7244.6 0.945791
7249.6 0.945639
7254.6 0.945542
7259.6 0.945496
7264.6 0.945508
7269.6 0.945552
7274.6 0.945623
7279.6 0.945744
7284.6 0.945913
7289.6 0.946135
7294.6 0.946414
7299.6 0.946701
7304.6 0.947011
7309.6 0.947359
7314.6 0.947741
7319.6 0.948141
7324.6 0.948538
7329.6 0.948914
7334.6 0.949297
7339.6 0.949693
7344.6 0.950078
7349.6 0.950472
7354.6 0.950831
7359.6 0.951147
7364.6 0.951439
7369.6 0.951693
7374.6 0.951919
7379.6 0.95213
7384.6 0.952318
7389.6 0.952465
7394.6 0.952593
7399.6 0.952689
7404.6 0.952723
7409.6 0.952696
7414.6 0.95263
7419.6 0.952522
7424.6 0.952381
7429.6 0.952214
7434.6 0.952001
7439.6 0.951717
7444.6 0.951408
7449.6 0.951084
7454.6 0.950719
7459.6 0.95032
7464.6 0.949865
7469.6 0.949372
7474.6 0.948887
7479.6 0.948392
7484.6 0.947889
7489.6 0.947365
7494.6 0.946828
7499.6 0.946274
7504.6 0.945701
7509.6 0.945131
7514.6 0.944547
7519.6 0.943977
7524.6 0.943459
7529.6 0.942984
7534.6 0.942557
7539.6 0.942139
7544.6 0.941733
7549.6 0.941331
7554.6 0.940951
7559.6 0.940623
7564.6 0.940369
7569.6 0.940184
7574.6 0.940048
7579.6 0.939956
7584.6 0.939932
7589.6 0.93998
7594.6 0.940101
7599.6 0.940281
7604.6 0.9405
7609.6 0.940781
7614.6 0.941138
7619.6 0.941573
7624.6 0.942076
7629.6 0.942661
7634.6 0.943318
7639.6 0.944023
7644.6 0.944786
7649.6 0.945601
7654.6 0.946467
7659.6 0.947392
7664.6 0.948364
7669.6 0.949366
7674.6 0.950385
7679.6 0.95145
7684.6 0.952569
7689.6 0.953706
7694.6 0.954844
7699.6 0.955978
7704.6 0.957098
7709.6 0.958198
7714.6 0.959302
7719.6 0.960396
7724.6 0.961475
7729.6 0.962548
7734.6 0.963571
7739.6 0.964545
7744.6 0.96545
7749.6 0.966283
7754.6 0.967077
7759.6 0.967771
7764.6 0.968367
7769.6 0.968863
7774.6 0.969233
7779.6 0.969529
7784.6 0.969717
7789.6 0.969777
7794.6 0.969717
7799.6 0.969523
7804.6 0.969205
7809.6 0.968824
7814.6 0.968323
7819.6 0.967668
7824.6 0.966911
7829.6 0.965993
7834.6 0.964965
7839.6 0.963845
7844.6 0.96257
7849.6 0.961189
7854.6 0.959734
7859.6 0.958174
7864.6 0.956538
7869.6 0.954828
7874.6 0.953017
7879.6 0.95113
7884.6 0.949199
7889.6 0.947223
7894.6 0.945237
7899.6 0.943249
7904.6 0.941238
7909.6 0.939222
7914.6 0.937234
7919.6 0.935291
7924.6 0.933375
7929.6 0.931491
7934.6 0.929641
7939.6 0.927805
7944.6 0.92603
7949.6 0.924331
7954.6 0.922702
7959.6 0.921164
7964.6 0.919732
7969.6 0.918382
7974.6 0.917149
7979.6 0.91603
7984.6 0.915021
7989.6 0.91415
7994.6 0.913414
7999.6 0.91279
8004.6 0.912295
8009.6 0.911928
8014.6 0.911688
8019.6 0.911634
8024.6 0.911799
8029.6 0.912132
8034.6 0.912499
8039.6 0.91285
8044.6 0.913104
8049.6 0.913212
8054.6 0.913327
8059.6 0.91347
8064.6 0.913619
8069.6 0.913755
8074.6 0.913861
8079.6 0.913931
8084.6 0.913957
8089.6 0.913917
8094.6 0.913798
8099.6 0.913574
8104.6 0.913234
8109.6 0.912758
8114.6 0.912128
8119.6 0.911338
8124.6 0.910345
8129.6 0.909129
8134.6 0.907686
8139.6 0.906022
8144.6 0.904135
8149.6 0.902035
8154.6 0.899693
8159.6 0.897057
8164.6 0.894107
8169.6 0.890857
8174.6 0.887346
8179.6 0.88361
8184.6 0.879657
8189.6 0.875444
8194.6 0.870919
8199.6 0.866085
8204.6 0.86101
8209.6 0.85577
8214.6 0.850438
8219.6 0.845009
8224.6 0.839401
8229.6 0.83359
8234.6 0.827633
8239.6 0.821631
8244.6 0.815674
8249.6 0.809815
8254.6 0.803994
8259.6 0.798152
8264.6 0.792325
8269.6 0.786581
8274.6 0.780989
8279.6 0.77565
8284.6 0.770549
8289.6 0.765622
8294.6 0.76084
8299.6 0.756244
8304.6 0.751904
8309.6 0.747853
8314.6 0.744126
8319.6 0.740693
8324.6 0.73749
8329.6 0.734495
8334.6 0.73172
8339.6 0.729172
8344.6 0.726851
8349.6 0.724709
8354.6 0.722663
8359.6 0.72063
8364.6 0.718554
8369.6 0.716382
8374.6 0.714054
8379.6 0.711492
8384.6 0.708561
8389.6 0.705108
8394.6 0.70101
8399.6 0.696181
8404.6 0.690557
8409.6 0.68408
8414.6 0.676646
8419.6 0.668007
8424.6 0.657964
8429.6 0.646468
8434.6 0.633565
8439.6 0.619359
8444.6 0.603998
8449.6 0.587446
8454.6 0.569456
8459.6 0.549974
8464.6 0.529223
8469.6 0.507518
8474.6 0.485135
8479.6 0.462329
8484.6 0.43908
8489.6 0.415259
8494.6 0.391051
8499.6 0.366963
8504.6 0.343415
8509.6 0.320628
8514.6 0.298608
8519.6 0.27721
8524.6 0.256356
8529.6 0.236203
8534.6 0.217076
8539.6 0.199289
8544.6 0.182872
8549.6 0.167614
8554.6 0.153314
8559.6 0.13991
8564.6 0.127443
8569.6 0.11602
8574.6 0.105746
8579.6 0.0965117
8584.6 0.0880978
8589.6 0.0803639
8594.6 0.0732756
8599.6 0.0668152
8604.6 0.0609771
8609.6 0.0557855
8614.6 0.0511137
8619.6 0.046847
8624.6 0.042939
8629.6 0.039382
8634.6 0.0361737
8639.6 0.0332932
8644.6 0.0307188
8649.6 0.0283873
8654.6 0.0262363
8659.6 0.0242509
8664.6 0.0224329
8669.6 0.0207829
8674.6 0.0192972
8679.6 0.0179436
8684.6 0.0166951
8689.6 0.0155332
8694.6 0.0144534
8699.6 0.0134614
8704.6 0.0125588
8709.6 0.0117428
8714.6 0.0109909
8719.6 0.0102944
8724.6 0.00964856
8729.6 0.00904545
8734.6 0.00848737
8739.6 0.00797503
8744.6 0.00750242
8749.6 0.00706064
8754.6 0.00664603
8759.6 0.00626065
8764.6 0.00590504
8769.6 0.00557876
8774.6 0.00528157
8779.6 0.00500487
8784.6 0.00473988
8789.6 0.00449044
8794.6 0.00425437
8799.6 0.00403076
8804.6 0.00382741
8809.6 0.00364477
8814.6 0.00338203
8819.6 0.0029141
8824.6 0.00222239
8829.6 0.00149531
8834.6 0.00081518
8839.6 0.000198443
8844.6 0
