@MEASUREMENT_RADIUS 18.6 cm
# lambda : Angstroms 
# tr : transmission ([0,1]) 
# end
6564.6 7.08691e-05
6569.6 0.000512983
6574.6 0.00139136
6579.6 0.00240463
6584.6 0.00339902
6589.6 0.00379865
6594.6 0.00404733
6599.6 0.00431149
6604.6 0.00459412
6609.6 0.00489741
6614.6 0.00522376
6619.6 0.00557625
6624.6 0.00595657
6629.6 0.00636781
6634.6 0.00681184
6639.6 0.00729211
6644.6 0.00780926
6649.6 0.0083631
6654.6 0.00895506
6659.6 0.00959101
6664.6 0.0102773
6669.6 0.0110178
6674.6 0.0118171
6679.6 0.01268
6684.6 0.0136113
6689.6 0.0146207
6694.6 0.0157162
6699.6 0.0169065
6704.6 0.0182025
6709.6 0.019609
6714.6 0.0211317
6719.6 0.0227827
6724.6 0.0245727
6729.6 0.0265179
6734.6 0.0286327
6739.6 0.0309339
6744.6 0.033446
6749.6 0.0361912
6754.6 0.0391806
6759.6 0.0424385
6764.6 0.045976
6769.6 0.0498187
6774.6 0.0540087
6779.6 0.058564
6784.6 0.0635256
6789.6 0.0689407
6794.6 0.0748302
6799.6 0.0812455
6804.6 0.0882175
6809.6 0.0957807
6814.6 0.104005
6819.6 0.112926
6824.6 0.122613
6829.6 0.133139
6834.6 0.14454
6839.6 0.156894
6844.6 0.170257
6849.6 0.184676
6854.6 0.200266
6859.6 0.217087
6864.6 0.235172
6869.6 0.254514
6874.6 0.275011
6879.6 0.296591
6884.6 0.31926
6889.6 0.343016
6894.6 0.367884
6899.6 0.393794
6904.6 0.420593
6909.6 0.4482
6914.6 0.476462
6919.6 0.505225
6924.6 0.53443
6929.6 0.563833
6934.6 0.593251
6939.6 0.622466
6944.6 0.651155
6949.6 0.67908
6954.6 0.706063
6959.6 0.731932
6964.6 0.756653
6969.6 0.780161
6974.6 0.802341
6979.6 0.823111
6984.6 0.842336
6989.6 0.859964
6994.6 0.876041
6999.6 0.890574
7004.6 0.903647
7009.6 0.915347
7014.6 0.925728
7019.6 0.934864
7024.6 0.942833
7029.6 0.94966
7034.6 0.95551
7039.6 0.960448
7044.6 0.96457
7049.6 0.967959
7054.6 0.97067
7059.6 0.972787
7064.6 0.974391
7069.6 0.975519
7074.6 0.976214
7079.6 0.976546
7084.6 0.976569
7089.6 0.976346
7094.6 0.9759
7099.6 0.975229
7104.6 0.974364
7109.6 0.973345
7114.6 0.972215
7119.6 0.971005
7124.6 0.969738
7129.6 0.968401
7134.6 0.967011
7139.6 0.965584
7144.6 0.964145
7149.6 0.962703
7154.6 0.961264
7159.6 0.959838
7164.6 0.958422
7169.6 0.957032
7174.6 0.95567
7179.6 0.954338
7184.6 0.95303
7189.6 0.951763
7194.6 0.95056
7199.6 0.949412
7204.6 0.948345
7209.6 0.947354
7214.6 0.946416
7219.6 0.94552
7224.6 0.944676
7229.6 0.943889
7234.6 0.943177
7239.6 0.942558
7244.6 0.942019
7249.6 0.941534
7254.6 0.941093
7259.6 0.94071
7264.6 0.940415
7269.6 0.940171
7274.6 0.939991
7279.6 0.939855
7284.6 0.939761
7289.6 0.93972
7294.6 0.939745
7299.6 0.939831
7304.6 0.939956
7309.6 0.940156
7314.6 0.940389
7319.6 0.940671
7324.6 0.940962
7329.6 0.941271
7334.6 0.941602
7339.6 0.941954
7344.6 0.942328
7349.6 0.942732
7354.6 0.943121
7359.6 0.94349
7364.6 0.943866
7369.6 0.944234
7374.6 0.944598
7379.6 0.944971
7384.6 0.945322
7389.6 0.945646
7394.6 0.945995
7399.6 0.946342
7404.6 0.946637
7409.6 0.946898
7414.6 0.947093
7419.6 0.947269
7424.6 0.947413
7429.6 0.947537
7434.6 0.947612
7439.6 0.947656
7444.6 0.947683
7449.6 0.947713
7454.6 0.947711
7459.6 0.947654
7464.6 0.94753
7469.6 0.94737
7474.6 0.947204
7479.6 0.947032
7484.6 0.946847
7489.6 0.946603
7494.6 0.946314
7499.6 0.946013
7504.6 0.945716
7509.6 0.945432
7514.6 0.945136
7519.6 0.944845
7524.6 0.944557
7529.6 0.944267
7534.6 0.943992
7539.6 0.943728
7544.6 0.943463
7549.6 0.943218
7554.6 0.943
7559.6 0.942796
7564.6 0.942674
7569.6 0.942587
7574.6 0.942524
7579.6 0.942478
7584.6 0.942453
7589.6 0.942463
7594.6 0.942546
7599.6 0.942702
7604.6 0.942928
7609.6 0.943231
7614.6 0.943575
7619.6 0.943959
7624.6 0.944406
7629.6 0.944879
7634.6 0.945387
7639.6 0.945961
7644.6 0.946584
7649.6 0.947257
7654.6 0.94798
7659.6 0.948755
7664.6 0.949571
7669.6 0.95042
7674.6 0.951308
7679.6 0.952232
7684.6 0.953191
7689.6 0.954166
7694.6 0.955131
7699.6 0.956084
7704.6 0.957033
7709.6 0.957968
7714.6 0.95892
7719.6 0.959862
7724.6 0.96078
7729.6 0.96168
7734.6 0.962528
7739.6 0.963341
7744.6 0.964117
7749.6 0.964807
7754.6 0.965431
7759.6 0.965968
7764.6 0.966428
7769.6 0.966828
7774.6 0.967139
7779.6 0.967367
7784.6 0.967456
7789.6 0.967386
7794.6 0.967203
7799.6 0.966888
7804.6 0.966462
7809.6 0.965959
7814.6 0.965364
7819.6 0.964623
7824.6 0.963749
7829.6 0.962714
7834.6 0.961563
7839.6 0.960282
7844.6 0.958882
7849.6 0.957393
7854.6 0.955824
7859.6 0.954149
7864.6 0.952384
7869.6 0.950531
7874.6 0.948572
7879.6 0.946527
7884.6 0.944415
7889.6 0.942249
7894.6 0.940067
7899.6 0.937856
7904.6 0.935618
7909.6 0.933393
7914.6 0.931176
7919.6 0.928968
7924.6 0.926774
7929.6 0.92459
7934.6 0.922422
7939.6 0.920286
7944.6 0.918211
7949.6 0.916226
7954.6 0.914323
7959.6 0.912502
7964.6 0.910786
7969.6 0.909142
7974.6 0.90757
7979.6 0.906105
7984.6 0.904733
7989.6 0.903509
7994.6 0.902404
7999.6 0.901415
8004.6 0.900578
8009.6 0.8999
8014.6 0.899377
8019.6 0.899095
8024.6 0.899061
8029.6 0.899239
8034.6 0.899493
8039.6 0.899777
8044.6 0.899977
8049.6 0.900004
8054.6 0.900064
8059.6 0.900187
8064.6 0.900353
8069.6 0.900547
8074.6 0.900754
8079.6 0.900972
8084.6 0.901189
8089.6 0.901386
8094.6 0.901548
8099.6 0.901662
8104.6 0.901706
8109.6 0.901659
8114.6 0.901501
8119.6 0.901226
8124.6 0.900796
8129.6 0.900195
8134.6 0.899419
8139.6 0.898472
8144.6 0.897335
8149.6 0.895996
8154.6 0.894426
8159.6 0.892577
8164.6 0.890436
8169.6 0.888012
8174.6 0.885334
8179.6 0.882428
8184.6 0.879306
8189.6 0.875932
8194.6 0.872238
8199.6 0.868221
8204.6 0.863933
8209.6 0.859433
8214.6 0.854777
8219.6 0.849953
8224.6 0.844904
8229.6 0.83962
8234.6 0.834135
8239.6 0.828548
8244.6 0.822936
8249.6 0.817326
8254.6 0.811684
8259.6 0.805961
8264.6 0.800182
8269.6 0.79441
8274.6 0.788726
8279.6 0.78323
8284.6 0.777903
8289.6 0.772693
8294.6 0.767573
8299.6 0.762578
8304.6 0.757782
8309.6 0.753246
8314.6 0.749018
8319.6 0.745061
8324.6 0.741337
8329.6 0.737832
8334.6 0.734558
8339.6 0.731552
8344.6 0.728822
8349.6 0.726355
8354.6 0.724092
8359.6 0.721976
8364.6 0.719971
8369.6 0.718044
8374.6 0.71616
8379.6 0.714253
8384.6 0.71222
8389.6 0.709952
8394.6 0.707343
8399.6 0.704311
8404.6 0.700779
8409.6 0.696669
8414.6 0.691867
8419.6 0.686161
8424.6 0.679384
8429.6 0.671427
8434.6 0.662258
8439.6 0.651877
8444.6 0.640312
8449.6 0.627469
8454.6 0.613107
8459.6 0.597122
8464.6 0.579643
8469.6 0.560864
8474.6 0.541016
8479.6 0.520325
8484.6 0.498734
8489.6 0.476106
8494.6 0.452574
8499.6 0.428609
8504.6 0.404669
8509.6 0.381049
8514.6 0.357824
8519.6 0.334864
8524.6 0.312049
8529.6 0.289545
8534.6 0.267739
8539.6 0.247074
8544.6 0.227639
8549.6 0.209376
8554.6 0.192153
8559.6 0.175851
8564.6 0.160556
8569.6 0.146429
8574.6 0.133619
8579.6 0.122012
8584.6 0.111372
8589.6 0.101549
8594.6 0.0925141
8599.6 0.0842688
8604.6 0.0768241
8609.6 0.0701928
8614.6 0.0642181
8619.6 0.0587594
8624.6 0.0537599
8629.6 0.0492092
8634.6 0.0451096
8639.6 0.0414305
8644.6 0.0381436
8649.6 0.0351642
8654.6 0.0324243
8659.6 0.0298989
8664.6 0.0275861
8669.6 0.0254964
8674.6 0.0236207
8679.6 0.0219213
8684.6 0.02036
8689.6 0.0189101
8694.6 0.0175672
8699.6 0.0163336
8704.6 0.0152136
8709.6 0.0142008
8714.6 0.0132708
8719.6 0.0124063
8724.6 0.0115987
8729.6 0.0108457
8734.6 0.0101515
8739.6 0.00951875
8744.6 0.0089377
8749.6 0.00839851
8754.6 0.00789257
8759.6 0.00741958
8764.6 0.0069841
8769.6 0.00658333
8774.6 0.00621401
8779.6 0.00587241
8784.6 0.00555116
8789.6 0.00524853
8794.6 0.00496646
8799.6 0.00470657
8804.6 0.00446668
8809.6 0.00424751
8814.6 0.00403803
8819.6 0.00383784
8824.6 0.00364533
8829.6 0.00336741
8834.6 0.00291541
8839.6 0.00227751
8844.6 0.00156284
8849.6 0.000885385
8854.6 0.000263024
8859.6 0
