@MEASUREMENT_RADIUS 21 cm
# lambda : Angstroms 
# tr : transmission ([0,1]) 
# end
6564.6 9.74674e-05
6569.6 0.000521329
6574.6 0.00133093
6579.6 0.00229582
6584.6 0.00322898
6589.6 0.00362125
6594.6 0.00385633
6599.6 0.00410781
6604.6 0.0043772
6609.6 0.00466572
6614.6 0.00497496
6619.6 0.00530753
6624.6 0.00566583
6629.6 0.00605336
6634.6 0.00647517
6639.6 0.006932
6644.6 0.00742347
6649.6 0.00794893
6654.6 0.0085085
6659.6 0.00911079
6664.6 0.00976148
6669.6 0.0104642
6674.6 0.0112236
6679.6 0.0120424
6684.6 0.0129254
6689.6 0.0138829
6694.6 0.0149223
6699.6 0.0160507
6704.6 0.0172785
6709.6 0.0186121
6714.6 0.0200583
6719.6 0.0216284
6724.6 0.02333
6729.6 0.025175
6734.6 0.0271795
6739.6 0.0293626
6744.6 0.0317483
6749.6 0.0343569
6754.6 0.0372015
6759.6 0.0403013
6764.6 0.0436691
6769.6 0.0473327
6774.6 0.0513292
6779.6 0.0556803
6784.6 0.060421
6789.6 0.0655896
6794.6 0.0712121
6799.6 0.0773402
6804.6 0.08401
6809.6 0.0912639
6814.6 0.0991629
6819.6 0.107742
6824.6 0.117077
6829.6 0.127237
6834.6 0.138262
6839.6 0.150225
6844.6 0.163185
6849.6 0.177193
6854.6 0.192353
6859.6 0.208725
6864.6 0.226346
6869.6 0.245225
6874.6 0.26529
6879.6 0.286477
6884.6 0.308783
6889.6 0.332225
6894.6 0.356835
6899.6 0.382521
6904.6 0.409164
6909.6 0.436649
6914.6 0.46484
6919.6 0.493593
6924.6 0.522849
6929.6 0.552375
6934.6 0.581992
6939.6 0.611467
6944.6 0.640477
6949.6 0.668785
6954.6 0.696175
6959.6 0.722478
6964.6 0.747659
6969.6 0.77164
6974.6 0.794326
6979.6 0.815628
6984.6 0.835387
6989.6 0.853535
6994.6 0.870108
6999.6 0.885117
7004.6 0.898647
7009.6 0.910763
7014.6 0.921535
7019.6 0.931059
7024.6 0.939422
7029.6 0.946658
7034.6 0.952884
7039.6 0.958173
7044.6 0.962621
7049.6 0.966316
7054.6 0.969327
7059.6 0.971724
7064.6 0.97358
7069.6 0.974943
7074.6 0.975881
7079.6 0.976458
7084.6 0.976694
7089.6 0.976637
7094.6 0.976342
7099.6 0.975818
7104.6 0.975092
7109.6 0.97421
7114.6 0.973191
7119.6 0.972069
7124.6 0.970865
7129.6 0.969584
7134.6 0.968246
7139.6 0.966845
7144.6 0.965385
7149.6 0.963898
7154.6 0.962392
7159.6 0.960877
7164.6 0.959382
7169.6 0.957897
7174.6 0.956426
7179.6 0.954969
7184.6 0.953532
7189.6 0.952148
7194.6 0.950802
7199.6 0.949495
7204.6 0.948223
7209.6 0.946993
7214.6 0.945815
7219.6 0.944705
7224.6 0.943652
7229.6 0.942644
7234.6 0.941706
7239.6 0.940836
7244.6 0.940026
7249.6 0.939283
7254.6 0.938605
7259.6 0.937985
7264.6 0.937454
7269.6 0.936985
7274.6 0.936576
7279.6 0.936222
7284.6 0.935922
7289.6 0.93569
7294.6 0.935517
7299.6 0.935411
7304.6 0.935356
7309.6 0.935376
7314.6 0.935469
7319.6 0.935621
7324.6 0.935796
7329.6 0.935989
7334.6 0.936214
7339.6 0.936477
7344.6 0.936761
7349.6 0.937094
7354.6 0.937448
7359.6 0.937799
7364.6 0.938167
7369.6 0.938539
7374.6 0.938929
7379.6 0.93935
7384.6 0.939796
7389.6 0.940241
7394.6 0.940695
7399.6 0.941102
7404.6 0.941472
7409.6 0.941811
7414.6 0.942118
7419.6 0.94241
7424.6 0.942719
7429.6 0.943023
7434.6 0.943298
7439.6 0.943539
7444.6 0.943744
7449.6 0.943924
7454.6 0.94408
7459.6 0.94419
7464.6 0.944253
7469.6 0.944286
7474.6 0.944335
7479.6 0.944359
7484.6 0.944338
7489.6 0.944274
7494.6 0.944172
7499.6 0.944042
7504.6 0.943907
7509.6 0.943782
7514.6 0.943626
7519.6 0.943449
7524.6 0.943283
7529.6 0.943116
7534.6 0.94296
7539.6 0.942817
7544.6 0.942688
7549.6 0.942525
7554.6 0.94236
7559.6 0.942216
7564.6 0.942105
7569.6 0.942006
7574.6 0.941937
7579.6 0.941888
7584.6 0.941874
7589.6 0.941911
7594.6 0.941994
7599.6 0.942102
7604.6 0.942252
7609.6 0.942454
7614.6 0.942696
7619.6 0.942991
7624.6 0.943345
7629.6 0.943744
7634.6 0.944182
7639.6 0.94465
7644.6 0.945153
7649.6 0.945713
7654.6 0.946334
7659.6 0.947002
7664.6 0.947711
7669.6 0.948432
7674.6 0.949165
7679.6 0.94994
7684.6 0.950771
7689.6 0.95164
7694.6 0.952534
7699.6 0.953447
7704.6 0.954352
7709.6 0.955226
7714.6 0.956103
7719.6 0.956972
7724.6 0.957802
7729.6 0.958618
7734.6 0.959405
7739.6 0.960163
7744.6 0.960891
7749.6 0.961564
7754.6 0.962211
7759.6 0.962782
7764.6 0.963278
7769.6 0.963717
7774.6 0.964075
7779.6 0.964348
7784.6 0.964512
7789.6 0.964566
7794.6 0.964489
7799.6 0.964274
7804.6 0.963943
7809.6 0.963543
7814.6 0.963067
7819.6 0.962475
7824.6 0.961773
7829.6 0.960937
7834.6 0.959991
7839.6 0.958899
7844.6 0.957646
7849.6 0.956274
7854.6 0.954833
7859.6 0.953301
7864.6 0.951674
7869.6 0.949952
7874.6 0.948103
7879.6 0.946147
7884.6 0.944127
7889.6 0.94206
7894.6 0.939962
7899.6 0.937789
7904.6 0.93555
7909.6 0.933294
7914.6 0.93102
7919.6 0.928762
7924.6 0.926533
7929.6 0.924309
7934.6 0.922071
7939.6 0.919826
7944.6 0.917611
7949.6 0.915451
7954.6 0.913374
7959.6 0.911388
7964.6 0.909504
7969.6 0.907696
7974.6 0.905947
7979.6 0.904253
7984.6 0.902663
7989.6 0.901195
7994.6 0.899832
7999.6 0.898587
8004.6 0.897487
8009.6 0.896527
8014.6 0.895699
8019.6 0.895105
8024.6 0.894762
8029.6 0.894652
8034.6 0.89466
8039.6 0.894724
8044.6 0.894733
8049.6 0.894608
8054.6 0.894529
8059.6 0.894532
8064.6 0.894591
8069.6 0.894692
8074.6 0.894829
8079.6 0.895002
8084.6 0.895207
8089.6 0.895425
8094.6 0.89565
8099.6 0.895858
8104.6 0.896032
8109.6 0.896156
8114.6 0.89622
8119.6 0.896206
8124.6 0.896093
8129.6 0.895863
8134.6 0.895502
8139.6 0.894999
8144.6 0.894337
8149.6 0.893507
8154.6 0.892469
8159.6 0.891206
8164.6 0.889704
8169.6 0.887963
8174.6 0.885988
8179.6 0.8838
8184.6 0.881393
8189.6 0.87872
8194.6 0.875749
8199.6 0.872461
8204.6 0.868898
8209.6 0.8651
8214.6 0.861128
8219.6 0.856978
8224.6 0.852578
8229.6 0.847896
8234.6 0.842965
8239.6 0.837865
8244.6 0.832674
8249.6 0.827446
8254.6 0.82213
8259.6 0.816662
8264.6 0.81105
8269.6 0.805381
8274.6 0.799735
8279.6 0.794228
8284.6 0.788852
8289.6 0.783522
8294.6 0.77822
8299.6 0.772979
8304.6 0.767879
8309.6 0.762994
8314.6 0.758362
8319.6 0.753958
8324.6 0.749743
8329.6 0.745729
8334.6 0.741958
8339.6 0.738451
8344.6 0.735223
8349.6 0.732273
8354.6 0.729561
8359.6 0.72704
8364.6 0.724705
8369.6 0.722534
8374.6 0.720505
8379.6 0.718582
8384.6 0.716694
8389.6 0.714755
8394.6 0.712676
8399.6 0.710388
8404.6 0.707824
8409.6 0.704915
8414.6 0.701544
8419.6 0.697531
8424.6 0.692731
8429.6 0.68702
8434.6 0.680326
8439.6 0.672609
8444.6 0.663837
8449.6 0.653884
8454.6 0.642539
8459.6 0.629684
8464.6 0.615355
8469.6 0.599638
8474.6 0.582644
8479.6 0.564459
8484.6 0.545016
8489.6 0.524236
8494.6 0.50223
8499.6 0.479401
8504.6 0.456203
8509.6 0.432901
8514.6 0.409541
8519.6 0.386036
8524.6 0.362338
8529.6 0.338667
8534.6 0.315462
8539.6 0.293169
8544.6 0.27191
8549.6 0.251548
8554.6 0.231969
8559.6 0.213184
8564.6 0.195344
8569.6 0.178691
8574.6 0.163468
8579.6 0.14956
8584.6 0.136731
8589.6 0.124808
8594.6 0.11376
8599.6 0.103636
8604.6 0.0944659
8609.6 0.0862652
8614.6 0.0788504
8619.6 0.0720685
8624.6 0.065853
8629.6 0.060193
8634.6 0.055088
8639.6 0.0505075
8644.6 0.0464128
8649.6 0.0427089
8654.6 0.0393
8659.6 0.0361585
8664.6 0.0332908
8669.6 0.0307037
8674.6 0.0283836
8679.6 0.0262811
8684.6 0.0243534
8689.6 0.0225616
8694.6 0.0209036
8699.6 0.019387
8704.6 0.0180145
8709.6 0.0167804
8714.6 0.0156516
8719.6 0.0146047
8724.6 0.0136295
8729.6 0.0127217
8734.6 0.0118867
8739.6 0.011129
8744.6 0.0104347
8749.6 0.0097866
8754.6 0.0091794
8759.6 0.00861403
8764.6 0.00809261
8769.6 0.00761679
8774.6 0.0071815
8779.6 0.00677835
8784.6 0.00639647
8789.6 0.00603504
8794.6 0.005701
8799.6 0.00539258
8804.6 0.00511172
8809.6 0.00485613
8814.6 0.00461242
8819.6 0.00438043
8824.6 0.00415986
8829.6 0.00395077
8834.6 0.00375614
8839.6 0.00346715
8844.6 0.0030203
8849.6 0.00241759
8854.6 0.00167381
8859.6 0.000968225
8864.6 0.000323949
8869.6 4.21935e-07
