@MEASUREMENT_RADIUS 0 cm
# lambda : Angstroms 
# tr : transmission ([0,1]) 
# end
5378.16 0
5383.16 0.00124729
5388.16 0.00275172
5393.16 0.00357579
5398.16 0.00387221
5403.16 0.00419749
5408.16 0.00455702
5413.16 0.00494687
5418.16 0.00537406
5423.16 0.00584387
5428.16 0.00636142
5433.16 0.00692953
5438.16 0.00754452
5443.16 0.00821548
5448.16 0.00894887
5453.16 0.00975229
5458.16 0.0106454
5463.16 0.0116322
5468.16 0.0127093
5473.16 0.0138887
5478.16 0.0151855
5483.16 0.0166081
5488.16 0.0181672
5493.16 0.0198758
5498.16 0.0217571
5503.16 0.0238229
5508.16 0.0260887
5513.16 0.0285782
5518.16 0.031313
5523.16 0.0343227
5528.16 0.0376338
5533.16 0.0412532
5538.16 0.0452035
5543.16 0.0495456
5548.16 0.0542907
5553.16 0.0594851
5558.16 0.0652194
5563.16 0.0715152
5568.16 0.0784374
5573.16 0.0860182
5578.16 0.0942618
5583.16 0.103205
5588.16 0.112823
5593.16 0.123163
5598.16 0.134292
5603.16 0.146235
5608.16 0.159058
5613.16 0.172728
5618.16 0.187217
5623.16 0.202648
5628.16 0.219007
5633.16 0.236331
5638.16 0.254637
5643.16 0.273815
5648.16 0.293823
5653.16 0.314612
5658.16 0.33608
5663.16 0.358147
5668.16 0.380738
5673.16 0.40371
5678.16 0.427021
5683.16 0.450673
5688.16 0.474519
5693.16 0.498665
5698.16 0.522628
5703.16 0.545583
5708.16 0.567757
5713.16 0.589835
5718.16 0.611268
5723.16 0.631899
5728.16 0.651532
5733.16 0.67016
5738.16 0.687653
5743.16 0.703834
5748.16 0.718814
5753.16 0.732468
5758.16 0.744649
5763.16 0.755337
5768.16 0.764471
5773.16 0.772015
5778.16 0.778073
5783.16 0.782707
5788.16 0.785942
5793.16 0.787798
5798.16 0.788365
5803.16 0.787791
5808.16 0.786299
5813.16 0.784074
5818.16 0.781218
5823.16 0.777939
5828.16 0.774414
5833.16 0.770864
5838.16 0.767383
5843.16 0.764192
5848.16 0.761362
5853.16 0.758986
5858.16 0.757078
5863.16 0.755757
5868.16 0.755078
5873.16 0.754995
5878.16 0.755444
5883.16 0.756385
5888.16 0.757748
5893.16 0.759482
5898.16 0.761485
5903.16 0.763617
5908.16 0.765828
5913.16 0.767977
5918.16 0.769949
5923.16 0.771696
5928.16 0.773188
5933.16 0.774338
5938.16 0.775112
5943.16 0.775561
5948.16 0.775711
5953.16 0.775621
5958.16 0.77532
5963.16 0.774882
5968.16 0.774396
5973.16 0.773971
5978.16 0.773675
5983.16 0.773546
5988.16 0.773693
5993.16 0.774184
5998.16 0.775072
6003.16 0.776395
6008.16 0.778179
6013.16 0.780385
6018.16 0.783035
6023.16 0.786205
6028.16 0.789822
6033.16 0.79376
6038.16 0.797964
6043.16 0.802424
6048.16 0.807126
6053.16 0.812003
6058.16 0.816962
6063.16 0.821985
6068.16 0.82703
6073.16 0.832088
6078.16 0.837116
6083.16 0.842072
6088.16 0.846925
6093.16 0.851676
6098.16 0.856247
6103.16 0.860697
6108.16 0.864949
6113.16 0.86897
6118.16 0.872684
6123.16 0.876192
6128.16 0.879478
6133.16 0.882527
6138.16 0.885279
6143.16 0.887732
6148.16 0.889927
6153.16 0.891935
6158.16 0.893728
6163.16 0.895279
6168.16 0.89661
6173.16 0.897808
6178.16 0.898922
6183.16 0.899968
6188.16 0.90095
6193.16 0.901957
6198.16 0.903071
6203.16 0.904319
6208.16 0.905682
6213.16 0.907191
6218.16 0.908844
6223.16 0.910639
6228.16 0.912612
6233.16 0.914794
6238.16 0.917112
6243.16 0.91948
6248.16 0.921926
6253.16 0.92437
6258.16 0.926795
6263.16 0.929079
6268.16 0.931208
6273.16 0.933163
6278.16 0.934932
6283.16 0.936494
6288.16 0.937751
6293.16 0.938797
6298.16 0.939641
6303.16 0.940324
6308.16 0.940835
6313.16 0.94122
6318.16 0.941534
6323.16 0.941849
6328.16 0.942242
6333.16 0.942725
6338.16 0.943321
6343.16 0.944073
6348.16 0.944977
6353.16 0.946042
6358.16 0.947303
6363.16 0.94874
6368.16 0.950262
6373.16 0.951881
6378.16 0.95358
6383.16 0.955293
6388.16 0.956906
6393.16 0.958373
6398.16 0.959725
6403.16 0.960855
6408.16 0.961764
6413.16 0.962322
6418.16 0.962638
6423.16 0.962683
6428.16 0.962472
6433.16 0.961988
6438.16 0.961287
6443.16 0.960435
6448.16 0.959437
6453.16 0.958359
6458.16 0.957266
6463.16 0.956203
6468.16 0.955207
6473.16 0.954309
6478.16 0.953542
6483.16 0.952896
6488.16 0.952365
6493.16 0.95189
6498.16 0.951457
6503.16 0.951035
6508.16 0.950553
6513.16 0.949954
6518.16 0.949196
6523.16 0.9482
6528.16 0.946871
6533.16 0.945199
6538.16 0.943138
6543.16 0.940651
6548.16 0.937676
6553.16 0.934208
6558.16 0.930205
6563.16 0.92578
6568.16 0.920928
6573.16 0.91569
6578.16 0.910027
6583.16 0.904005
6588.16 0.89768
6593.16 0.891057
6598.16 0.884256
6603.16 0.877255
6608.16 0.870094
6613.16 0.862752
6618.16 0.855305
6623.16 0.847734
6628.16 0.84002
6633.16 0.832154
6638.16 0.82418
6643.16 0.816121
6648.16 0.807947
6653.16 0.799646
6658.16 0.791274
6663.16 0.782897
6668.16 0.774529
6673.16 0.766202
6678.16 0.757941
6683.16 0.749799
6688.16 0.741821
6693.16 0.734062
6698.16 0.72662
6703.16 0.719587
6708.16 0.713085
6713.16 0.707096
6718.16 0.701554
6723.16 0.696437
6728.16 0.691758
6733.16 0.68754
6738.16 0.683761
6743.16 0.680356
6748.16 0.677221
6753.16 0.674248
6758.16 0.67137
6763.16 0.668616
6768.16 0.665941
6773.16 0.663283
6778.16 0.660588
6783.16 0.657851
6788.16 0.655099
6793.16 0.652409
6798.16 0.649881
6803.16 0.647664
6808.16 0.645929
6813.16 0.644898
6818.16 0.644792
6823.16 0.645844
6828.16 0.648383
6833.16 0.652727
6838.16 0.659158
6843.16 0.668019
6848.16 0.679619
6853.16 0.694272
6858.16 0.712167
6863.16 0.73326
6868.16 0.757459
6873.16 0.78425
6878.16 0.812671
6883.16 0.841245
6888.16 0.867362
6893.16 0.887955
6898.16 0.899167
6903.16 0.897525
6908.16 0.880038
6913.16 0.844971
6918.16 0.792998
6923.16 0.727162
6928.16 0.652599
6933.16 0.574626
6938.16 0.49773
6943.16 0.42548
6948.16 0.360198
6953.16 0.303116
6958.16 0.254368
6963.16 0.213422
6968.16 0.179417
6973.16 0.151256
6978.16 0.127922
6983.16 0.108615
6988.16 0.0925703
6993.16 0.0792332
6998.16 0.0681319
7003.16 0.0589001
7008.16 0.0511621
7013.16 0.044649
7018.16 0.0390695
7023.16 0.0342804
7028.16 0.0301464
7033.16 0.0265639
7038.16 0.0234738
7043.16 0.0207918
7048.16 0.0184545
7053.16 0.0164141
7058.16 0.0146204
7063.16 0.0130483
7068.16 0.0116616
7073.16 0.010433
7078.16 0.00934979
7083.16 0.00839092
7088.16 0.00753996
7093.16 0.00678488
7098.16 0.00611599
7103.16 0.00552364
7108.16 0.00499664
7113.16 0.00452487
7118.16 0.00410551
7123.16 0.00373228
7128.16 0.0024352
7133.16 0.00121687
7138.16 0.000113247
