@MEASUREMENT_RADIUS 2.3 cm
# lambda : Angstroms 
# tr : transmission ([0,1]) 
# end
5378.16 0
5383.16 0.00128792
5388.16 0.00283654
5393.16 0.00368682
5398.16 0.00399581
5403.16 0.00433979
5408.16 0.00471129
5413.16 0.00511672
5418.16 0.00555982
5423.16 0.0060462
5428.16 0.00658421
5433.16 0.00716964
5438.16 0.00780462
5443.16 0.00850031
5448.16 0.00926239
5453.16 0.0101082
5458.16 0.0110426
5463.16 0.0120623
5468.16 0.0131748
5473.16 0.0143978
5478.16 0.0157444
5483.16 0.0172239
5488.16 0.0188412
5493.16 0.0206229
5498.16 0.0225807
5503.16 0.024731
5508.16 0.0270939
5513.16 0.0296871
5518.16 0.032537
5523.16 0.0356738
5528.16 0.0391087
5533.16 0.0428654
5538.16 0.0469956
5543.16 0.0515067
5548.16 0.0564526
5553.16 0.0619276
5558.16 0.0679412
5563.16 0.0745519
5568.16 0.081804
5573.16 0.0896955
5578.16 0.0982705
5583.16 0.107511
5588.16 0.117455
5593.16 0.128228
5598.16 0.139816
5603.16 0.152231
5608.16 0.165469
5613.16 0.179521
5618.16 0.19451
5623.16 0.210437
5628.16 0.22732
5633.16 0.245233
5638.16 0.264044
5643.16 0.283728
5648.16 0.304206
5653.16 0.325434
5658.16 0.347317
5663.16 0.369776
5668.16 0.392632
5673.16 0.415875
5678.16 0.439471
5683.16 0.463305
5688.16 0.487501
5693.16 0.511512
5698.16 0.53455
5703.16 0.556894
5708.16 0.579255
5713.16 0.601022
5718.16 0.622039
5723.16 0.64211
5728.16 0.661242
5733.16 0.679297
5738.16 0.696084
5743.16 0.711694
5748.16 0.725957
5753.16 0.738802
5758.16 0.750246
5763.16 0.76014
5768.16 0.768392
5773.16 0.775187
5778.16 0.78056
5783.16 0.784514
5788.16 0.787017
5793.16 0.788167
5798.16 0.788097
5803.16 0.787028
5808.16 0.785121
5813.16 0.782467
5818.16 0.779292
5823.16 0.775762
5828.16 0.772104
5833.16 0.768424
5838.16 0.764941
5843.16 0.76174
5848.16 0.758961
5853.16 0.756665
5858.16 0.754938
5863.16 0.753813
5868.16 0.753265
5873.16 0.753274
5878.16 0.75385
5883.16 0.754952
5888.16 0.756471
5893.16 0.758311
5898.16 0.760392
5903.16 0.762627
5908.16 0.764831
5913.16 0.766925
5918.16 0.76889
5923.16 0.77063
5928.16 0.772046
5933.16 0.773111
5938.16 0.773851
5943.16 0.774289
5948.16 0.774426
5953.16 0.774289
5958.16 0.773957
5963.16 0.773549
5968.16 0.773169
5973.16 0.772857
5978.16 0.772639
5983.16 0.772604
5988.16 0.772873
5993.16 0.773527
5998.16 0.774588
6003.16 0.776083
6008.16 0.777979
6013.16 0.780333
6018.16 0.7832
6023.16 0.78654
6028.16 0.790234
6033.16 0.794251
6038.16 0.79854
6043.16 0.803053
6048.16 0.807762
6053.16 0.812654
6058.16 0.817674
6063.16 0.822708
6068.16 0.827779
6073.16 0.832869
6078.16 0.837914
6083.16 0.842928
6088.16 0.847862
6093.16 0.852619
6098.16 0.857207
6103.16 0.86162
6108.16 0.86584
6113.16 0.869835
6118.16 0.873643
6123.16 0.877208
6128.16 0.880537
6133.16 0.883565
6138.16 0.886317
6143.16 0.888787
6148.16 0.891065
6153.16 0.893063
6158.16 0.894797
6163.16 0.896297
6168.16 0.897652
6173.16 0.898871
6178.16 0.899954
6183.16 0.900936
6188.16 0.901903
6193.16 0.90294
6198.16 0.904063
6203.16 0.905259
6208.16 0.906586
6213.16 0.908057
6218.16 0.909686
6223.16 0.911466
6228.16 0.913444
6233.16 0.915561
6238.16 0.917778
6243.16 0.920103
6248.16 0.922498
6253.16 0.924893
6258.16 0.927181
6263.16 0.929378
6268.16 0.931436
6273.16 0.933349
6278.16 0.93503
6283.16 0.936481
6288.16 0.937688
6293.16 0.938691
6298.16 0.939489
6303.16 0.940126
6308.16 0.940605
6313.16 0.940998
6318.16 0.941385
6323.16 0.94183
6328.16 0.942303
6333.16 0.942864
6338.16 0.943546
6343.16 0.944307
6348.16 0.94518
6353.16 0.946274
6358.16 0.947592
6363.16 0.949018
6368.16 0.950508
6373.16 0.952069
6378.16 0.953659
6383.16 0.955221
6388.16 0.956686
6393.16 0.958028
6398.16 0.959168
6403.16 0.960108
6408.16 0.960755
6413.16 0.961149
6418.16 0.961255
6423.16 0.961101
6428.16 0.960662
6433.16 0.959989
6438.16 0.959142
6443.16 0.958145
6448.16 0.957056
6453.16 0.955891
6458.16 0.954745
6463.16 0.953641
6468.16 0.952596
6473.16 0.95164
6478.16 0.950811
6483.16 0.950116
6488.16 0.949494
6493.16 0.948978
6498.16 0.948506
6503.16 0.947984
6508.16 0.947362
6513.16 0.946628
6518.16 0.945729
6523.16 0.944578
6528.16 0.943098
6533.16 0.941239
6538.16 0.938961
6543.16 0.936208
6548.16 0.932976
6553.16 0.92924
6558.16 0.925114
6563.16 0.920521
6568.16 0.91556
6573.16 0.910157
6578.16 0.904394
6583.16 0.898287
6588.16 0.891888
6593.16 0.885302
6598.16 0.878557
6603.16 0.871675
6608.16 0.864603
6613.16 0.857393
6618.16 0.850061
6623.16 0.842621
6628.16 0.835063
6633.16 0.827436
6638.16 0.819711
6643.16 0.811852
6648.16 0.803877
6653.16 0.79582
6658.16 0.787711
6663.16 0.779573
6668.16 0.771444
6673.16 0.763319
6678.16 0.755238
6683.16 0.747268
6688.16 0.739443
6693.16 0.731871
6698.16 0.724662
6703.16 0.717958
6708.16 0.711729
6713.16 0.705919
6718.16 0.70053
6723.16 0.695579
6728.16 0.691115
6733.16 0.687086
6738.16 0.68343
6743.16 0.68009
6748.16 0.676965
6753.16 0.674018
6758.16 0.671211
6763.16 0.668506
6768.16 0.665837
6773.16 0.663155
6778.16 0.660464
6783.16 0.657754
6788.16 0.655044
6793.16 0.652413
6798.16 0.649985
6803.16 0.647911
6808.16 0.646393
6813.16 0.645639
6818.16 0.645896
6823.16 0.647439
6828.16 0.6505
6833.16 0.655392
6838.16 0.662482
6843.16 0.672086
6848.16 0.684518
6853.16 0.700006
6858.16 0.718657
6863.16 0.740459
6868.16 0.765173
6873.16 0.792119
6878.16 0.820279
6883.16 0.847568
6888.16 0.871478
6893.16 0.888462
6898.16 0.895017
6903.16 0.887566
6908.16 0.863439
6913.16 0.821978
6918.16 0.764876
6923.16 0.69631
6928.16 0.621123
6933.16 0.544046
6938.16 0.469207
6943.16 0.39983
6948.16 0.337969
6953.16 0.284371
6958.16 0.238836
6963.16 0.200713
6968.16 0.168998
6973.16 0.142665
6978.16 0.120836
6983.16 0.102705
6988.16 0.0876643
6993.16 0.0752034
6998.16 0.0648398
7003.16 0.0561826
7008.16 0.0489121
7013.16 0.0427183
7018.16 0.0374125
7023.16 0.032844
7028.16 0.0289001
7033.16 0.0255086
7038.16 0.0225745
7043.16 0.0200197
7048.16 0.0177902
7053.16 0.0158349
7058.16 0.0141204
7063.16 0.0126125
7068.16 0.0112744
7073.16 0.0100973
7078.16 0.00905325
7083.16 0.00812846
7088.16 0.00730852
7093.16 0.00658349
7098.16 0.00594153
7103.16 0.00537263
7108.16 0.00486209
7113.16 0.0044055
7118.16 0.0039958
7123.16 0.00362353
7128.16 0.00236915
7133.16 0.00118071
7138.16 0.000109838
