@MEASUREMENT_RADIUS 4.7 cm
# lambda : Angstroms 
# tr : transmission ([0,1]) 
# end
5362.64 2.56623e-06
5367.64 0.00125576
5372.64 0.00278082
5377.64 0.00362199
5382.64 0.00392405
5387.64 0.00425533
5392.64 0.00461693
5397.64 0.00501519
5402.64 0.00545601
5407.64 0.0059353
5412.64 0.00646005
5417.64 0.00703697
5422.64 0.00767112
5427.64 0.00836768
5432.64 0.00912434
5437.64 0.00995375
5442.64 0.0108667
5447.64 0.0118627
5452.64 0.0129695
5457.64 0.0141966
5462.64 0.0155377
5467.64 0.0170025
5472.64 0.018618
5477.64 0.0203994
5482.64 0.0223554
5487.64 0.024495
5492.64 0.0268478
5497.64 0.029434
5502.64 0.0322755
5507.64 0.035401
5512.64 0.0388346
5517.64 0.0426043
5522.64 0.0467597
5527.64 0.0513056
5532.64 0.0562502
5537.64 0.0616796
5542.64 0.0676088
5547.64 0.0740886
5552.64 0.0812301
5557.64 0.0890455
5562.64 0.0975951
5567.64 0.10692
5572.64 0.117037
5577.64 0.127985
5582.64 0.139684
5587.64 0.15215
5592.64 0.165517
5597.64 0.179771
5602.64 0.19492
5607.64 0.210918
5612.64 0.227721
5617.64 0.245467
5622.64 0.264129
5627.64 0.28363
5632.64 0.303963
5637.64 0.325056
5642.64 0.346834
5647.64 0.36919
5652.64 0.39199
5657.64 0.41511
5662.64 0.438503
5667.64 0.46194
5672.64 0.485357
5677.64 0.508825
5682.64 0.532149
5687.64 0.555321
5692.64 0.578075
5697.64 0.599644
5702.64 0.620192
5707.64 0.640234
5712.64 0.65938
5717.64 0.677508
5722.64 0.6945
5727.64 0.710387
5732.64 0.72504
5737.64 0.738325
5742.64 0.750284
5747.64 0.760862
5752.64 0.770039
5757.64 0.777848
5762.64 0.784172
5767.64 0.788978
5772.64 0.79243
5777.64 0.794593
5782.64 0.795519
5787.64 0.795226
5792.64 0.793807
5797.64 0.791395
5802.64 0.78827
5807.64 0.784602
5812.64 0.78047
5817.64 0.776071
5822.64 0.771587
5827.64 0.767173
5832.64 0.762942
5837.64 0.759103
5842.64 0.755714
5847.64 0.752812
5852.64 0.750474
5857.64 0.748809
5862.64 0.747812
5867.64 0.74742
5872.64 0.747635
5877.64 0.748401
5882.64 0.749635
5887.64 0.751289
5892.64 0.753248
5897.64 0.755408
5902.64 0.757682
5907.64 0.759969
5912.64 0.762147
5917.64 0.764152
5922.64 0.765931
5927.64 0.767457
5932.64 0.768674
5937.64 0.769605
5942.64 0.77027
5947.64 0.770701
5952.64 0.770943
5957.64 0.771082
5962.64 0.771184
5967.64 0.771301
5972.64 0.771511
5977.64 0.771911
5982.64 0.772581
5987.64 0.773577
5992.64 0.774916
5997.64 0.776656
6002.64 0.778812
6007.64 0.781334
6012.64 0.784255
6017.64 0.787662
6022.64 0.791479
6027.64 0.795632
6032.64 0.80006
6037.64 0.804679
6042.64 0.809462
6047.64 0.814386
6052.64 0.81942
6057.64 0.824555
6062.64 0.829681
6067.64 0.834804
6072.64 0.839903
6077.64 0.844958
6082.64 0.849926
6087.64 0.854793
6092.64 0.859511
6097.64 0.864041
6102.64 0.868393
6107.64 0.872495
6112.64 0.876323
6117.64 0.879914
6122.64 0.883318
6127.64 0.886472
6132.64 0.8893
6137.64 0.891806
6142.64 0.894029
6147.64 0.896038
6152.64 0.89781
6157.64 0.899337
6162.64 0.900623
6167.64 0.901756
6172.64 0.902784
6177.64 0.903697
6182.64 0.904547
6187.64 0.90543
6192.64 0.906397
6197.64 0.907442
6202.64 0.908535
6207.64 0.909748
6212.64 0.91115
6217.64 0.912726
6222.64 0.914441
6227.64 0.916355
6232.64 0.918412
6237.64 0.920571
6242.64 0.922751
6247.64 0.924952
6252.64 0.927126
6257.64 0.929231
6262.64 0.931233
6267.64 0.933078
6272.64 0.934774
6277.64 0.93631
6282.64 0.937631
6287.64 0.938742
6292.64 0.939654
6297.64 0.940419
6302.64 0.941055
6307.64 0.9416
6312.64 0.942082
6317.64 0.94254
6322.64 0.943076
6327.64 0.943688
6332.64 0.944361
6337.64 0.945137
6342.64 0.946035
6347.64 0.947047
6352.64 0.948205
6357.64 0.949538
6362.64 0.950929
6367.64 0.952334
6372.64 0.953732
6377.64 0.955076
6382.64 0.956294
6387.64 0.957381
6392.64 0.958321
6397.64 0.959014
6402.64 0.959453
6407.64 0.959603
6412.64 0.95951
6417.64 0.959179
6422.64 0.958603
6427.64 0.9578
6432.64 0.956795
6437.64 0.955693
6442.64 0.954448
6447.64 0.953163
6452.64 0.95188
6457.64 0.950676
6462.64 0.949526
6467.64 0.94846
6472.64 0.947489
6477.64 0.946639
6482.64 0.945915
6487.64 0.945264
6492.64 0.944636
6497.64 0.943982
6502.64 0.943248
6507.64 0.942376
6512.64 0.94132
6517.64 0.940005
6522.64 0.938358
6527.64 0.936355
6532.64 0.933971
6537.64 0.931149
6542.64 0.92785
6547.64 0.924114
6552.64 0.919914
6557.64 0.915343
6562.64 0.910386
6567.64 0.905118
6572.64 0.899476
6577.64 0.893514
6582.64 0.887314
6587.64 0.880896
6592.64 0.874375
6597.64 0.867727
6602.64 0.860972
6607.64 0.854103
6612.64 0.847185
6617.64 0.840208
6622.64 0.833125
6627.64 0.82595
6632.64 0.818701
6637.64 0.811363
6642.64 0.803932
6647.64 0.796418
6652.64 0.788857
6657.64 0.781278
6662.64 0.773695
6667.64 0.766117
6672.64 0.758576
6677.64 0.751115
6682.64 0.743786
6687.64 0.736629
6692.64 0.729739
6697.64 0.723204
6702.64 0.717095
6707.64 0.711449
6712.64 0.706223
6717.64 0.701413
6722.64 0.696971
6727.64 0.692914
6732.64 0.68925
6737.64 0.685919
6742.64 0.682839
6747.64 0.679916
6752.64 0.67712
6757.64 0.674447
6762.64 0.671859
6767.64 0.669322
6772.64 0.66682
6777.64 0.664357
6782.64 0.661978
6787.64 0.659746
6792.64 0.657765
6797.64 0.656173
6802.64 0.655163
6807.64 0.654969
6812.64 0.655807
6817.64 0.657912
6822.64 0.661577
6827.64 0.667111
6832.64 0.674793
6837.64 0.684936
6842.64 0.697742
6847.64 0.713391
6852.64 0.731861
6857.64 0.752908
6862.64 0.776023
6867.64 0.800239
6872.64 0.824054
6877.64 0.845543
6882.64 0.862152
6887.64 0.871283
6892.64 0.870115
6897.64 0.856661
6902.64 0.829566
6907.64 0.78864
6912.64 0.735321
6917.64 0.672403
6922.64 0.603925
6927.64 0.533675
6932.64 0.464829
6937.64 0.399862
6942.64 0.340568
6947.64 0.28809
6952.64 0.242801
6957.64 0.204395
6962.64 0.172211
6967.64 0.145391
6972.64 0.123035
6977.64 0.104508
6982.64 0.0890954
6987.64 0.0762712
6992.64 0.0656014
6997.64 0.0567067
7002.64 0.0492616
7007.64 0.0429986
7012.64 0.0376441
7017.64 0.0330416
7022.64 0.0290716
7027.64 0.0256306
7032.64 0.0226712
7037.64 0.0200988
7042.64 0.017857
7047.64 0.0158926
7052.64 0.0141698
7057.64 0.012658
7062.64 0.0113253
7067.64 0.0101417
7072.64 0.00909866
7077.64 0.00817702
7082.64 0.00735634
7087.64 0.00662451
7092.64 0.00597424
7097.64 0.00539861
7102.64 0.00488776
7107.64 0.00443026
7112.64 0.00402159
7117.64 0.00364606
7122.64 0.00246349
7127.64 0.00126077
7132.64 0.000184313
