@MEASUREMENT_RADIUS 7 cm
# lambda : Angstroms 
# tr : transmission ([0,1]) 
# end
5347.11 2.14597e-05
5352.11 0.00120513
5357.11 0.00268638
5362.11 0.00350288
5367.11 0.00380184
5372.11 0.00412894
5377.11 0.00448167
5382.11 0.00486982
5387.11 0.00529878
5392.11 0.00576454
5397.11 0.00627534
5402.11 0.00683757
5407.11 0.00745091
5412.11 0.00812483
5417.11 0.00886371
5422.11 0.00967859
5427.11 0.0105791
5432.11 0.0115547
5437.11 0.0126235
5442.11 0.0138042
5447.11 0.015102
5452.11 0.0165396
5457.11 0.0181316
5462.11 0.019879
5467.11 0.0217965
5472.11 0.0239108
5477.11 0.0262409
5482.11 0.0288056
5487.11 0.0316235
5492.11 0.0347246
5497.11 0.0381393
5502.11 0.0418821
5507.11 0.0459888
5512.11 0.0505038
5517.11 0.055449
5522.11 0.0608817
5527.11 0.0668247
5532.11 0.0732771
5537.11 0.0803423
5542.11 0.0880409
5547.11 0.0964231
5552.11 0.105598
5557.11 0.115584
5562.11 0.126476
5567.11 0.13829
5572.11 0.150975
5577.11 0.164543
5582.11 0.178961
5587.11 0.194232
5592.11 0.210414
5597.11 0.227459
5602.11 0.245385
5607.11 0.264129
5612.11 0.283597
5617.11 0.303812
5622.11 0.324742
5627.11 0.346312
5632.11 0.368498
5637.11 0.391206
5642.11 0.414235
5647.11 0.437475
5652.11 0.460836
5657.11 0.484157
5662.11 0.507377
5667.11 0.530256
5672.11 0.552691
5677.11 0.574745
5682.11 0.596272
5687.11 0.617281
5692.11 0.637567
5697.11 0.656361
5702.11 0.673862
5707.11 0.690557
5712.11 0.706184
5717.11 0.720584
5722.11 0.73367
5727.11 0.745475
5732.11 0.755915
5737.11 0.764923
5742.11 0.77255
5747.11 0.778751
5752.11 0.783514
5757.11 0.786911
5762.11 0.788967
5767.11 0.789669
5772.11 0.789194
5777.11 0.787712
5782.11 0.785291
5787.11 0.782007
5792.11 0.77803
5797.11 0.7736
5802.11 0.768946
5807.11 0.764258
5812.11 0.759627
5817.11 0.755223
5822.11 0.751183
5827.11 0.747588
5832.11 0.744519
5837.11 0.7421
5842.11 0.740341
5847.11 0.739224
5852.11 0.738787
5857.11 0.739016
5862.11 0.739877
5867.11 0.741277
5872.11 0.743085
5877.11 0.745208
5882.11 0.747597
5887.11 0.750136
5892.11 0.752682
5897.11 0.755154
5902.11 0.757504
5907.11 0.759647
5912.11 0.761488
5917.11 0.763027
5922.11 0.764282
5927.11 0.76528
5932.11 0.766016
5937.11 0.76656
5942.11 0.766951
5947.11 0.767274
5952.11 0.7676
5957.11 0.768036
5962.11 0.768633
5967.11 0.769452
5972.11 0.770544
5977.11 0.771966
5982.11 0.773756
5987.11 0.775953
5992.11 0.77854
5997.11 0.781515
6002.11 0.784873
6007.11 0.788578
6012.11 0.792605
6017.11 0.79701
6022.11 0.801699
6027.11 0.806552
6032.11 0.811529
6037.11 0.81656
6042.11 0.821643
6047.11 0.826799
6052.11 0.831974
6057.11 0.837105
6062.11 0.842144
6067.11 0.847137
6072.11 0.85205
6077.11 0.856853
6082.11 0.861517
6087.11 0.866029
6092.11 0.870372
6097.11 0.874511
6102.11 0.878461
6107.11 0.882133
6112.11 0.8855
6117.11 0.888595
6122.11 0.891445
6127.11 0.894012
6132.11 0.896271
6137.11 0.898239
6142.11 0.899965
6147.11 0.901529
6152.11 0.90292
6157.11 0.904124
6162.11 0.905209
6167.11 0.906264
6172.11 0.90732
6177.11 0.908374
6182.11 0.909469
6187.11 0.910681
6192.11 0.912053
6197.11 0.913602
6202.11 0.915299
6207.11 0.91715
6212.11 0.919132
6217.11 0.921235
6222.11 0.923418
6227.11 0.925706
6232.11 0.928051
6237.11 0.930367
6242.11 0.932585
6247.11 0.934671
6252.11 0.93662
6257.11 0.938386
6262.11 0.93996
6267.11 0.941355
6272.11 0.94261
6277.11 0.943693
6282.11 0.944547
6287.11 0.945249
6292.11 0.94591
6297.11 0.946536
6302.11 0.947123
6307.11 0.947734
6312.11 0.948411
6317.11 0.94917
6322.11 0.950054
6327.11 0.951043
6332.11 0.952108
6337.11 0.953264
6342.11 0.954468
6347.11 0.955659
6352.11 0.956807
6357.11 0.957917
6362.11 0.9589
6367.11 0.959709
6372.11 0.960316
6377.11 0.960665
6382.11 0.96071
6387.11 0.960443
6392.11 0.959928
6397.11 0.959134
6402.11 0.958089
6407.11 0.956785
6412.11 0.955302
6417.11 0.953668
6422.11 0.951961
6427.11 0.950229
6432.11 0.948538
6437.11 0.946944
6442.11 0.945427
6447.11 0.94403
6452.11 0.942742
6457.11 0.941587
6462.11 0.940577
6467.11 0.939718
6472.11 0.938926
6477.11 0.938139
6482.11 0.937332
6487.11 0.936429
6492.11 0.935325
6497.11 0.93399
6502.11 0.932341
6507.11 0.930358
6512.11 0.927977
6517.11 0.925176
6522.11 0.921862
6527.11 0.918065
6532.11 0.913854
6537.11 0.909259
6542.11 0.904317
6547.11 0.89903
6552.11 0.893421
6557.11 0.887626
6562.11 0.881663
6567.11 0.875594
6572.11 0.86937
6577.11 0.863088
6582.11 0.85678
6587.11 0.850423
6592.11 0.844065
6597.11 0.837685
6602.11 0.831289
6607.11 0.824856
6612.11 0.818389
6617.11 0.811831
6622.11 0.80515
6627.11 0.798355
6632.11 0.791484
6637.11 0.784552
6642.11 0.777519
6647.11 0.770396
6652.11 0.76329
6657.11 0.756263
6662.11 0.749372
6667.11 0.742615
6672.11 0.736028
6677.11 0.729684
6682.11 0.723631
6687.11 0.717928
6692.11 0.71261
6697.11 0.707719
6702.11 0.703316
6707.11 0.699378
6712.11 0.695845
6717.11 0.692659
6722.11 0.689744
6727.11 0.687103
6732.11 0.68468
6737.11 0.68243
6742.11 0.680233
6747.11 0.67802
6752.11 0.675772
6757.11 0.673541
6762.11 0.671373
6767.11 0.669322
6772.11 0.667474
6777.11 0.665977
6782.11 0.664997
6787.11 0.664714
6792.11 0.665389
6797.11 0.667341
6802.11 0.67085
6807.11 0.676186
6812.11 0.68365
6817.11 0.693565
6822.11 0.706232
6827.11 0.721835
6832.11 0.740397
6837.11 0.761879
6842.11 0.785819
6847.11 0.811349
6852.11 0.83692
6857.11 0.860186
6862.11 0.87835
6867.11 0.887983
6872.11 0.885971
6877.11 0.869302
6882.11 0.836733
6887.11 0.788621
6892.11 0.727174
6897.11 0.6561
6902.11 0.579938
6907.11 0.503331
6912.11 0.430185
6917.11 0.363574
6922.11 0.305435
6927.11 0.256071
6932.11 0.214739
6937.11 0.180345
6942.11 0.151804
6947.11 0.128215
6952.11 0.108797
6957.11 0.0928015
6962.11 0.0795598
6967.11 0.0685361
6972.11 0.0592439
6977.11 0.0514294
6982.11 0.0447827
6987.11 0.0391267
6992.11 0.0343054
6997.11 0.0302
7002.11 0.026678
7007.11 0.0236478
7012.11 0.020998
7017.11 0.018672
7022.11 0.0166229
7027.11 0.014815
7032.11 0.0132324
7037.11 0.0118388
7042.11 0.0106068
7047.11 0.00951688
7052.11 0.00854877
7057.11 0.00769275
7062.11 0.00692914
7067.11 0.00624813
7072.11 0.00564474
7077.11 0.00510747
7082.11 0.00462381
7087.11 0.004188
7092.11 0.00373695
7097.11 0.00249372
7102.11 0.00124651
7107.11 0.000120298
