@MEASUREMENT_RADIUS 9.3 cm
# lambda : Angstroms 
# tr : transmission ([0,1]) 
# end
5336.76 4.75443e-05
5341.76 0.00121902
5346.76 0.00272832
5351.76 0.00356722
5356.76 0.00387826
5361.76 0.00421458
5366.76 0.00458567
5371.76 0.00499448
5376.76 0.00543762
5381.76 0.00592184
5386.76 0.00645747
5391.76 0.00704121
5396.76 0.00767947
5401.76 0.00838246
5406.76 0.0091547
5411.76 0.0100044
5416.76 0.0109376
5421.76 0.0119659
5426.76 0.013107
5431.76 0.0143528
5436.76 0.0157143
5441.76 0.0172108
5446.76 0.0188576
5451.76 0.0206866
5456.76 0.0227281
5461.76 0.0249819
5466.76 0.0274595
5471.76 0.0301918
5476.76 0.0331982
5481.76 0.0365044
5486.76 0.0401438
5491.76 0.0441544
5496.76 0.0485753
5501.76 0.0534294
5506.76 0.0587442
5511.76 0.0645732
5516.76 0.0709467
5521.76 0.0779429
5526.76 0.0855762
5531.76 0.0938487
5536.76 0.102876
5541.76 0.112642
5546.76 0.123212
5551.76 0.134752
5556.76 0.14723
5561.76 0.160703
5566.76 0.175201
5571.76 0.190677
5576.76 0.207102
5581.76 0.224343
5586.76 0.242337
5591.76 0.261155
5596.76 0.280754
5601.76 0.301074
5606.76 0.321988
5611.76 0.343377
5616.76 0.365255
5621.76 0.387599
5626.76 0.410253
5631.76 0.433128
5636.76 0.456158
5641.76 0.479125
5646.76 0.50195
5651.76 0.524543
5656.76 0.546684
5661.76 0.568329
5666.76 0.58931
5671.76 0.60955
5676.76 0.629161
5681.76 0.648018
5686.76 0.666114
5691.76 0.683315
5696.76 0.698995
5701.76 0.713284
5706.76 0.726627
5711.76 0.738915
5716.76 0.749956
5721.76 0.759675
5726.76 0.768134
5731.76 0.775253
5736.76 0.78099
5741.76 0.785412
5746.76 0.788529
5751.76 0.790329
5756.76 0.790888
5761.76 0.790258
5766.76 0.788442
5771.76 0.785631
5776.76 0.782005
5781.76 0.777661
5786.76 0.772692
5791.76 0.767288
5796.76 0.761658
5801.76 0.75606
5806.76 0.750718
5811.76 0.745722
5816.76 0.741131
5821.76 0.737059
5826.76 0.73364
5831.76 0.730946
5836.76 0.72902
5841.76 0.727831
5846.76 0.72735
5851.76 0.727625
5856.76 0.728624
5861.76 0.730235
5866.76 0.732358
5871.76 0.734916
5876.76 0.737768
5881.76 0.740795
5886.76 0.743908
5891.76 0.747039
5896.76 0.750029
5901.76 0.752842
5906.76 0.755397
5911.76 0.757657
5916.76 0.75959
5921.76 0.761212
5926.76 0.762542
5931.76 0.763605
5936.76 0.764498
5941.76 0.76527
5946.76 0.766012
5951.76 0.766787
5956.76 0.767661
5961.76 0.768713
5966.76 0.76997
5971.76 0.771509
5976.76 0.773389
5981.76 0.775623
5986.76 0.778187
5991.76 0.781122
5996.76 0.78442
6001.76 0.788069
6006.76 0.792018
6011.76 0.796247
6016.76 0.800807
6021.76 0.805621
6026.76 0.810616
6031.76 0.815738
6036.76 0.82091
6041.76 0.826123
6046.76 0.831389
6051.76 0.836681
6056.76 0.841978
6061.76 0.84725
6066.76 0.852487
6071.76 0.857652
6076.76 0.862742
6081.76 0.867718
6086.76 0.872575
6091.76 0.877264
6096.76 0.881724
6101.76 0.885912
6106.76 0.889811
6111.76 0.893378
6116.76 0.896661
6121.76 0.899642
6126.76 0.902305
6131.76 0.904607
6136.76 0.906603
6141.76 0.908316
6146.76 0.909808
6151.76 0.911114
6156.76 0.91226
6161.76 0.913277
6166.76 0.91426
6171.76 0.915268
6176.76 0.91629
6181.76 0.917368
6186.76 0.918561
6191.76 0.919926
6196.76 0.921483
6201.76 0.923183
6206.76 0.925022
6211.76 0.926977
6216.76 0.929074
6221.76 0.931231
6226.76 0.933492
6231.76 0.9358
6236.76 0.938088
6241.76 0.940266
6246.76 0.942344
6251.76 0.944299
6256.76 0.946069
6261.76 0.947631
6266.76 0.949016
6271.76 0.950236
6276.76 0.951301
6281.76 0.952209
6286.76 0.953014
6291.76 0.95375
6296.76 0.954434
6301.76 0.955081
6306.76 0.955729
6311.76 0.956383
6316.76 0.957059
6321.76 0.957803
6326.76 0.958587
6331.76 0.959348
6336.76 0.960041
6341.76 0.960634
6346.76 0.961093
6351.76 0.961422
6356.76 0.961612
6361.76 0.961576
6366.76 0.961254
6371.76 0.960635
6376.76 0.959738
6381.76 0.958562
6386.76 0.957103
6391.76 0.955403
6396.76 0.953463
6401.76 0.95136
6406.76 0.949127
6411.76 0.946836
6416.76 0.944537
6421.76 0.942282
6426.76 0.940092
6431.76 0.938003
6436.76 0.936079
6441.76 0.934322
6446.76 0.932737
6451.76 0.931347
6456.76 0.930105
6461.76 0.928958
6466.76 0.927877
6471.76 0.92682
6476.76 0.925731
6481.76 0.924509
6486.76 0.923076
6491.76 0.921412
6496.76 0.919474
6501.76 0.917179
6506.76 0.91447
6511.76 0.911362
6516.76 0.907844
6521.76 0.903939
6526.76 0.899684
6531.76 0.895116
6536.76 0.890204
6541.76 0.885013
6546.76 0.879629
6551.76 0.874121
6556.76 0.868581
6561.76 0.863014
6566.76 0.857432
6571.76 0.851817
6576.76 0.846204
6581.76 0.840613
6586.76 0.834974
6591.76 0.829354
6596.76 0.823733
6601.76 0.818079
6606.76 0.81232
6611.76 0.806432
6616.76 0.800414
6621.76 0.794255
6626.76 0.787966
6631.76 0.781567
6636.76 0.775086
6641.76 0.768522
6646.76 0.761906
6651.76 0.755339
6656.76 0.748863
6661.76 0.742559
6666.76 0.736475
6671.76 0.730656
6676.76 0.72514
6681.76 0.71997
6686.76 0.715206
6691.76 0.710894
6696.76 0.707048
6701.76 0.703718
6706.76 0.700868
6711.76 0.698416
6716.76 0.696297
6721.76 0.69444
6726.76 0.69283
6731.76 0.69144
6736.76 0.690201
6741.76 0.68905
6746.76 0.687945
6751.76 0.686912
6756.76 0.686027
6761.76 0.685388
6766.76 0.685113
6771.76 0.685363
6776.76 0.68633
6781.76 0.688219
6786.76 0.69127
6791.76 0.695811
6796.76 0.702216
6801.76 0.710751
6806.76 0.721662
6811.76 0.735158
6816.76 0.751364
6821.76 0.770263
6826.76 0.791555
6831.76 0.814493
6836.76 0.837884
6841.76 0.859767
6846.76 0.877639
6851.76 0.888324
6856.76 0.888541
6861.76 0.875441
6866.76 0.847029
6871.76 0.803309
6876.76 0.745521
6881.76 0.677264
6886.76 0.602825
6891.76 0.526826
6896.76 0.453215
6901.76 0.384943
6906.76 0.324079
6911.76 0.271189
6916.76 0.226284
6921.76 0.189058
6926.76 0.15857
6931.76 0.133624
6936.76 0.113129
6941.76 0.0962011
6946.76 0.0822093
6951.76 0.0706144
6956.76 0.0609546
6961.76 0.0528662
6966.76 0.0460666
6971.76 0.0402811
6976.76 0.0353472
6981.76 0.0311016
6986.76 0.0274385
6991.76 0.0242811
6996.76 0.0215563
7001.76 0.0191947
7006.76 0.0171445
7011.76 0.0153359
7016.76 0.0137351
7021.76 0.0123117
7026.76 0.0110452
7031.76 0.00992495
7036.76 0.00893011
7041.76 0.00804434
7046.76 0.00725466
7051.76 0.00655074
7056.76 0.00592359
7061.76 0.0053624
7066.76 0.00485858
7071.76 0.00440844
7076.76 0.00400546
7081.76 0.00355148
7086.76 0.00239521
7091.76 0.00119431
7096.76 0.000127649
