@MEASUREMENT_RADIUS 11.7 cm
# lambda : Angstroms 
# tr : transmission ([0,1]) 
# end
5326.41 7.50578e-05
5331.41 0.0011851
5336.41 0.00266043
5341.41 0.00348454
5346.41 0.0037904
5351.41 0.00412821
5356.41 0.00450015
5361.41 0.00490191
5366.41 0.00534056
5371.41 0.00582714
5376.41 0.00635645
5381.41 0.0069363
5386.41 0.00757737
5391.41 0.00827714
5396.41 0.00904208
5401.41 0.00988507
5406.41 0.0108142
5411.41 0.0118415
5416.41 0.0129703
5421.41 0.0142139
5426.41 0.0155927
5431.41 0.0171032
5436.41 0.0187551
5441.41 0.0205753
5446.41 0.0225848
5451.41 0.0248207
5456.41 0.0273163
5461.41 0.0300707
5466.41 0.0330971
5471.41 0.036442
5476.41 0.0401313
5481.41 0.0441945
5486.41 0.0486647
5491.41 0.0535776
5496.41 0.0589839
5501.41 0.0649062
5506.41 0.0713945
5511.41 0.0785252
5516.41 0.0863086
5521.41 0.0948213
5526.41 0.10408
5531.41 0.114071
5536.41 0.12495
5541.41 0.136682
5546.41 0.149281
5551.41 0.162924
5556.41 0.177589
5561.41 0.193309
5566.41 0.210101
5571.41 0.227873
5576.41 0.246537
5581.41 0.265963
5586.41 0.286025
5591.41 0.306755
5596.41 0.328108
5601.41 0.349963
5606.41 0.372156
5611.41 0.394573
5616.41 0.41718
5621.41 0.439929
5626.41 0.462647
5631.41 0.485301
5636.41 0.507887
5641.41 0.530126
5646.41 0.55187
5651.41 0.573099
5656.41 0.593664
5661.41 0.613573
5666.41 0.632617
5671.41 0.650717
5676.41 0.668063
5681.41 0.684546
5686.41 0.700141
5691.41 0.71484
5696.41 0.728127
5701.41 0.740064
5706.41 0.751001
5711.41 0.76089
5716.41 0.769623
5721.41 0.777177
5726.41 0.783488
5731.41 0.78853
5736.41 0.792331
5741.41 0.794874
5746.41 0.796171
5751.41 0.796259
5756.41 0.795234
5761.41 0.793129
5766.41 0.78992
5771.41 0.785748
5776.41 0.780851
5781.41 0.775394
5786.41 0.769374
5791.41 0.76295
5796.41 0.756372
5801.41 0.749945
5806.41 0.743865
5811.41 0.73821
5816.41 0.733043
5821.41 0.728517
5826.41 0.724739
5831.41 0.721749
5836.41 0.719601
5841.41 0.718292
5846.41 0.717812
5851.41 0.718147
5856.41 0.719254
5861.41 0.721075
5866.41 0.723501
5871.41 0.726395
5876.41 0.729634
5881.41 0.733131
5886.41 0.736775
5891.41 0.740429
5896.41 0.743959
5901.41 0.747298
5906.41 0.750391
5911.41 0.753177
5916.41 0.755616
5921.41 0.757709
5926.41 0.759488
5931.41 0.760971
5936.41 0.762237
5941.41 0.763338
5946.41 0.764363
5951.41 0.765359
5956.41 0.766437
5961.41 0.76766
5966.41 0.769085
5971.41 0.770767
5976.41 0.772736
5981.41 0.775024
5986.41 0.777677
5991.41 0.780721
5996.41 0.784153
6001.41 0.787957
6006.41 0.792055
6011.41 0.796418
6016.41 0.801108
6021.41 0.80609
6026.41 0.811262
6031.41 0.816583
6036.41 0.822002
6041.41 0.827502
6046.41 0.833085
6051.41 0.838699
6056.41 0.844314
6061.41 0.84992
6066.41 0.855543
6071.41 0.861096
6076.41 0.866549
6081.41 0.871905
6086.41 0.877148
6091.41 0.882221
6096.41 0.887017
6101.41 0.891517
6106.41 0.895686
6111.41 0.899513
6116.41 0.903027
6121.41 0.906161
6126.41 0.908926
6131.41 0.911311
6136.41 0.913297
6141.41 0.914914
6146.41 0.916265
6151.41 0.917388
6156.41 0.91829
6161.41 0.919009
6166.41 0.919628
6171.41 0.920265
6176.41 0.920957
6181.41 0.921719
6186.41 0.922608
6191.41 0.9237
6196.41 0.925009
6201.41 0.926518
6206.41 0.928233
6211.41 0.930109
6216.41 0.93216
6221.41 0.934366
6226.41 0.93673
6231.41 0.939156
6236.41 0.941581
6241.41 0.943956
6246.41 0.946236
6251.41 0.948402
6256.41 0.950393
6261.41 0.952182
6266.41 0.953734
6271.41 0.955106
6276.41 0.956299
6281.41 0.957286
6286.41 0.958082
6291.41 0.958736
6296.41 0.959298
6301.41 0.959785
6306.41 0.960214
6311.41 0.960601
6316.41 0.960971
6321.41 0.961356
6326.41 0.961741
6331.41 0.962096
6336.41 0.962371
6341.41 0.962521
6346.41 0.962476
6351.41 0.962264
6356.41 0.961875
6361.41 0.961266
6366.41 0.960352
6371.41 0.95912
6376.41 0.957581
6381.41 0.955742
6386.41 0.953617
6391.41 0.951265
6396.41 0.948663
6401.41 0.945824
6406.41 0.942801
6411.41 0.939769
6416.41 0.936761
6421.41 0.933802
6426.41 0.930912
6431.41 0.928151
6436.41 0.925622
6441.41 0.923332
6446.41 0.921233
6451.41 0.919337
6456.41 0.917673
6461.41 0.916196
6466.41 0.914849
6471.41 0.913608
6476.41 0.912419
6481.41 0.911174
6486.41 0.90972
6491.41 0.908109
6496.41 0.906303
6501.41 0.904264
6506.41 0.901815
6511.41 0.899023
6516.41 0.895876
6521.41 0.892354
6526.41 0.888454
6531.41 0.884268
6536.41 0.87983
6541.41 0.875138
6546.41 0.870219
6551.41 0.865185
6556.41 0.860139
6561.41 0.85509
6566.41 0.850094
6571.41 0.845125
6576.41 0.840208
6581.41 0.835314
6586.41 0.830444
6591.41 0.825633
6596.41 0.820873
6601.41 0.816105
6606.41 0.811277
6611.41 0.806375
6616.41 0.801369
6621.41 0.796215
6626.41 0.790912
6631.41 0.78548
6636.41 0.779922
6641.41 0.774232
6646.41 0.768444
6651.41 0.762637
6656.41 0.756871
6661.41 0.75121
6666.41 0.745703
6671.41 0.740403
6676.41 0.735371
6681.41 0.730662
6686.41 0.726344
6691.41 0.722482
6696.41 0.719096
6701.41 0.716238
6706.41 0.713894
6711.41 0.712024
6716.41 0.710582
6721.41 0.709494
6726.41 0.708734
6731.41 0.70827
6736.41 0.708078
6741.41 0.708073
6746.41 0.708193
6751.41 0.708454
6756.41 0.708936
6761.41 0.709719
6766.41 0.710879
6771.41 0.712542
6776.41 0.714891
6781.41 0.718147
6786.41 0.722535
6791.41 0.728342
6796.41 0.735891
6801.41 0.745407
6806.41 0.757089
6811.41 0.771077
6816.41 0.787325
6821.41 0.805648
6826.41 0.825385
6831.41 0.845561
6836.41 0.864592
6841.41 0.880228
6846.41 0.889847
6851.41 0.890371
6856.41 0.879134
6861.41 0.854139
6866.41 0.814589
6871.41 0.761577
6876.41 0.697228
6881.41 0.625515
6886.41 0.550663
6891.41 0.477007
6896.41 0.407672
6901.41 0.34475
6906.41 0.28945
6911.41 0.24191
6916.41 0.201821
6921.41 0.16871
6926.41 0.141669
6931.41 0.119565
6936.41 0.101438
6941.41 0.0864711
6946.41 0.0740791
6951.41 0.0637992
6956.41 0.0552295
6961.41 0.0480308
6966.41 0.0419588
6971.41 0.0367785
6976.41 0.03236
6981.41 0.0285589
6986.41 0.0252712
6991.41 0.0224366
6996.41 0.0199818
7001.41 0.0178477
7006.41 0.0159836
7011.41 0.0143391
7016.41 0.0128825
7021.41 0.0115877
7026.41 0.0104306
7031.41 0.00940252
7036.41 0.00848725
7041.41 0.00767002
7046.41 0.00693815
7051.41 0.00628118
7056.41 0.0056926
7061.41 0.0051643
7066.41 0.00468853
7071.41 0.00426294
7076.41 0.00388136
7081.41 0.00344755
7086.41 0.00240205
7091.41 0.00123511
7096.41 0.000189624
