@MEASUREMENT_RADIUS 14 cm
# lambda : Angstroms 
# tr : transmission ([0,1]) 
# end
5310.88 0.000104173
5315.88 0.0012698
5320.88 0.00286395
5325.88 0.00375332
5330.88 0.0040811
5335.88 0.00444362
5340.88 0.00484989
5345.88 0.00529997
5350.88 0.00579406
5355.88 0.00633753
5360.88 0.00692973
5365.88 0.00758049
5370.88 0.00830306
5375.88 0.00909355
5380.88 0.00995365
5385.88 0.0109021
5390.88 0.011948
5395.88 0.0130988
5400.88 0.0143659
5405.88 0.0157621
5410.88 0.0173086
5415.88 0.0190188
5420.88 0.0209108
5425.88 0.023011
5430.88 0.0253228
5435.88 0.0278613
5440.88 0.03067
5445.88 0.0337811
5450.88 0.037237
5455.88 0.0410965
5460.88 0.0453674
5465.88 0.0500626
5470.88 0.0552479
5475.88 0.0609578
5480.88 0.0672319
5485.88 0.0741162
5490.88 0.0816466
5495.88 0.0899019
5500.88 0.0989083
5505.88 0.108694
5510.88 0.119344
5515.88 0.13089
5520.88 0.143409
5525.88 0.156868
5530.88 0.171205
5535.88 0.186555
5540.88 0.202864
5545.88 0.220098
5550.88 0.238415
5555.88 0.257764
5560.88 0.278042
5565.88 0.299171
5570.88 0.321007
5575.88 0.343314
5580.88 0.365899
5585.88 0.388592
5590.88 0.411387
5595.88 0.43421
5600.88 0.456921
5605.88 0.479332
5610.88 0.501346
5615.88 0.522948
5620.88 0.544139
5625.88 0.564739
5630.88 0.584744
5635.88 0.604176
5640.88 0.622845
5645.88 0.640724
5650.88 0.657777
5655.88 0.673913
5660.88 0.689191
5665.88 0.703523
5670.88 0.716876
5675.88 0.729339
5680.88 0.740859
5685.88 0.751452
5690.88 0.761113
5695.88 0.769554
5700.88 0.776746
5705.88 0.782907
5710.88 0.788091
5715.88 0.792194
5720.88 0.795161
5725.88 0.796976
5730.88 0.797636
5735.88 0.797166
5740.88 0.79556
5745.88 0.792909
5750.88 0.789287
5755.88 0.784803
5760.88 0.779522
5765.88 0.773543
5770.88 0.767011
5775.88 0.760153
5780.88 0.753131
5785.88 0.746046
5790.88 0.739086
5795.88 0.73246
5800.88 0.72638
5805.88 0.721055
5810.88 0.716519
5815.88 0.71277
5820.88 0.709885
5825.88 0.707953
5830.88 0.706956
5835.88 0.706847
5840.88 0.707591
5845.88 0.709123
5850.88 0.711404
5855.88 0.714334
5860.88 0.717806
5865.88 0.721663
5870.88 0.725773
5875.88 0.729994
5880.88 0.734217
5885.88 0.738338
5890.88 0.742254
5895.88 0.745889
5900.88 0.749187
5905.88 0.752121
5910.88 0.75468
5915.88 0.756873
5920.88 0.758757
5925.88 0.760385
5930.88 0.761837
5935.88 0.763199
5940.88 0.764522
5945.88 0.765918
5950.88 0.767455
5955.88 0.769198
5960.88 0.771176
5965.88 0.773451
5970.88 0.776073
5975.88 0.779054
5980.88 0.78237
5985.88 0.786048
5990.88 0.79008
5995.88 0.79446
6000.88 0.799182
6005.88 0.804161
6010.88 0.809338
6015.88 0.814807
6020.88 0.82053
6025.88 0.826398
6030.88 0.832331
6035.88 0.838333
6040.88 0.844376
6045.88 0.850437
6050.88 0.856477
6055.88 0.862479
6060.88 0.868436
6065.88 0.874318
6070.88 0.880067
6075.88 0.885669
6080.88 0.891058
6085.88 0.896208
6090.88 0.901035
6095.88 0.905477
6100.88 0.909536
6105.88 0.913164
6110.88 0.916297
6115.88 0.919002
6120.88 0.921301
6125.88 0.923159
6130.88 0.924584
6135.88 0.925653
6140.88 0.926454
6145.88 0.927058
6150.88 0.927521
6155.88 0.927895
6160.88 0.928247
6165.88 0.928667
6170.88 0.929248
6175.88 0.929997
6180.88 0.930923
6185.88 0.932049
6190.88 0.933445
6195.88 0.935116
6200.88 0.937038
6205.88 0.939158
6210.88 0.941381
6215.88 0.943703
6220.88 0.946069
6225.88 0.948484
6230.88 0.950861
6235.88 0.953149
6240.88 0.95525
6245.88 0.957148
6250.88 0.958863
6255.88 0.960358
6260.88 0.96159
6265.88 0.962558
6270.88 0.963329
6275.88 0.963926
6280.88 0.964336
6285.88 0.964592
6290.88 0.96476
6295.88 0.964863
6300.88 0.964877
6305.88 0.964796
6310.88 0.964635
6315.88 0.964414
6320.88 0.9641
6325.88 0.963675
6330.88 0.963091
6335.88 0.962322
6340.88 0.961274
6345.88 0.959896
6350.88 0.958214
6355.88 0.956256
6360.88 0.953941
6365.88 0.951247
6370.88 0.94823
6375.88 0.944973
6380.88 0.941456
6385.88 0.937694
6390.88 0.9338
6395.88 0.929842
6400.88 0.925893
6405.88 0.921982
6410.88 0.918209
6415.88 0.914602
6420.88 0.91126
6425.88 0.908222
6430.88 0.905477
6435.88 0.903023
6440.88 0.90083
6445.88 0.898872
6450.88 0.897153
6455.88 0.89563
6460.88 0.89423
6465.88 0.892861
6470.88 0.891489
6475.88 0.89003
6480.88 0.88844
6485.88 0.886653
6490.88 0.884604
6495.88 0.882302
6500.88 0.879694
6505.88 0.876753
6510.88 0.873458
6515.88 0.869886
6520.88 0.866057
6525.88 0.862
6530.88 0.857789
6535.88 0.853515
6540.88 0.84916
6545.88 0.844785
6550.88 0.840453
6555.88 0.836241
6560.88 0.832128
6565.88 0.828159
6570.88 0.824277
6575.88 0.820467
6580.88 0.816703
6585.88 0.81296
6590.88 0.809236
6595.88 0.80549
6600.88 0.801663
6605.88 0.797719
6610.88 0.793639
6615.88 0.78941
6620.88 0.784998
6625.88 0.780432
6630.88 0.775764
6635.88 0.77103
6640.88 0.766264
6645.88 0.761519
6650.88 0.756882
6655.88 0.752414
6660.88 0.748202
6665.88 0.744314
6670.88 0.740817
6675.88 0.737729
6680.88 0.735096
6685.88 0.73297
6690.88 0.731395
6695.88 0.730332
6700.88 0.72979
6705.88 0.729734
6710.88 0.730116
6715.88 0.730884
6720.88 0.731968
6725.88 0.733359
6730.88 0.735038
6735.88 0.737017
6740.88 0.739288
6745.88 0.741885
6750.88 0.744909
6755.88 0.748495
6760.88 0.752817
6765.88 0.758057
6770.88 0.764388
6775.88 0.771972
6780.88 0.781016
6785.88 0.791734
6790.88 0.804271
6795.88 0.818581
6800.88 0.834242
6805.88 0.8506
6810.88 0.866566
6815.88 0.880633
6820.88 0.890777
6825.88 0.894499
6830.88 0.889304
6835.88 0.872757
6840.88 0.843339
6845.88 0.800718
6850.88 0.745925
6855.88 0.681503
6860.88 0.610931
6865.88 0.538193
6870.88 0.466883
6875.88 0.399762
6880.88 0.338944
6885.88 0.285363
6890.88 0.239333
6895.88 0.20046
6900.88 0.167922
6905.88 0.140933
6910.88 0.118602
6915.88 0.10016
6920.88 0.0850511
6925.88 0.0727167
6930.88 0.0625636
6935.88 0.0541271
6940.88 0.0470462
6945.88 0.0410672
6950.88 0.0360105
6955.88 0.0317074
6960.88 0.0280327
6965.88 0.0248752
6970.88 0.0221304
6975.88 0.0197439
6980.88 0.0176509
6985.88 0.0158101
6990.88 0.0141949
6995.88 0.0127753
7000.88 0.0115239
7005.88 0.0104164
7010.88 0.00942602
7015.88 0.00853516
7020.88 0.00773151
7025.88 0.00700661
7030.88 0.00635718
7035.88 0.00577487
7040.88 0.00525121
7045.88 0.00477998
7050.88 0.00435498
7055.88 0.00397175
7060.88 0.00349338
7065.88 0.00243966
7070.88 0.00123746
7075.88 0.000182704
