@MEASUREMENT_RADIUS 16.3 cm
# lambda : Angstroms 
# tr : transmission ([0,1]) 
# end
5295.35 0.000124883
5300.35 0.00117761
5305.35 0.00267266
5310.35 0.00349997
5315.35 0.00380377
5320.35 0.00414286
5325.35 0.0045147
5330.35 0.00493042
5335.35 0.0053911
5340.35 0.00590378
5345.35 0.00647542
5350.35 0.00710795
5355.35 0.00780479
5360.35 0.00856805
5365.35 0.00940228
5370.35 0.0103231
5375.35 0.0113381
5380.35 0.0124526
5385.35 0.0136798
5390.35 0.0150288
5395.35 0.0165163
5400.35 0.0181641
5405.35 0.0199839
5410.35 0.0219992
5415.35 0.0242351
5420.35 0.0267131
5425.35 0.0294687
5430.35 0.0325239
5435.35 0.0358865
5440.35 0.0396052
5445.35 0.0437359
5450.35 0.0483279
5455.35 0.05346
5460.35 0.0591441
5465.35 0.0653867
5470.35 0.0722762
5475.35 0.0798552
5480.35 0.0881814
5485.35 0.0973061
5490.35 0.107247
5495.35 0.118099
5500.35 0.129907
5505.35 0.14267
5510.35 0.156436
5515.35 0.171202
5520.35 0.187042
5525.35 0.203928
5530.35 0.221738
5535.35 0.240548
5540.35 0.260266
5545.35 0.280757
5550.35 0.302112
5555.35 0.324275
5560.35 0.34704
5565.35 0.370257
5570.35 0.393713
5575.35 0.417125
5580.35 0.440298
5585.35 0.463015
5590.35 0.485263
5595.35 0.507049
5600.35 0.528209
5605.35 0.548626
5610.35 0.568237
5615.35 0.587056
5620.35 0.605216
5625.35 0.622647
5630.35 0.639276
5635.35 0.655215
5640.35 0.670368
5645.35 0.684683
5650.35 0.698212
5655.35 0.710913
5660.35 0.722819
5665.35 0.733895
5670.35 0.74409
5675.35 0.753465
5680.35 0.762024
5685.35 0.76973
5690.35 0.776558
5695.35 0.782363
5700.35 0.787082
5705.35 0.790813
5710.35 0.793625
5715.35 0.795432
5720.35 0.796187
5725.35 0.795879
5730.35 0.794511
5735.35 0.792083
5740.35 0.788593
5745.35 0.784152
5750.35 0.778864
5755.35 0.772841
5760.35 0.766163
5765.35 0.758958
5770.35 0.751371
5775.35 0.74367
5780.35 0.73602
5785.35 0.728493
5790.35 0.721287
5795.35 0.714586
5800.35 0.708588
5805.35 0.703527
5810.35 0.699426
5815.35 0.696232
5820.35 0.693994
5825.35 0.692756
5830.35 0.692514
5835.35 0.693212
5840.35 0.69476
5845.35 0.697085
5850.35 0.700162
5855.35 0.70388
5860.35 0.708091
5865.35 0.712638
5870.35 0.717375
5875.35 0.722127
5880.35 0.726762
5885.35 0.731196
5890.35 0.735356
5895.35 0.739188
5900.35 0.742644
5905.35 0.745682
5910.35 0.748334
5915.35 0.750633
5920.35 0.752673
5925.35 0.75448
5930.35 0.756143
5935.35 0.757762
5940.35 0.759431
5945.35 0.761243
5950.35 0.763263
5955.35 0.765583
5960.35 0.768221
5965.35 0.7712
5970.35 0.774545
5975.35 0.77827
5980.35 0.782371
5985.35 0.786881
5990.35 0.791827
5995.35 0.79714
6000.35 0.802737
6005.35 0.808594
6010.35 0.814716
6015.35 0.821127
6020.35 0.827756
6025.35 0.834482
6030.35 0.841241
6035.35 0.848043
6040.35 0.854784
6045.35 0.861417
6050.35 0.868089
6055.35 0.87478
6060.35 0.881384
6065.35 0.887696
6070.35 0.893762
6075.35 0.899566
6080.35 0.905048
6085.35 0.910222
6090.35 0.915014
6095.35 0.919321
6100.35 0.92312
6105.35 0.926394
6110.35 0.929127
6115.35 0.931385
6120.35 0.933195
6125.35 0.934552
6130.35 0.935509
6135.35 0.93613
6140.35 0.936469
6145.35 0.93662
6150.35 0.936713
6155.35 0.936807
6160.35 0.936936
6165.35 0.937169
6170.35 0.937566
6175.35 0.938166
6180.35 0.938995
6185.35 0.940075
6190.35 0.941416
6195.35 0.943002
6200.35 0.944781
6205.35 0.946712
6210.35 0.948756
6215.35 0.950878
6220.35 0.952956
6225.35 0.955031
6230.35 0.957053
6235.35 0.958947
6240.35 0.960597
6245.35 0.962002
6250.35 0.963168
6255.35 0.964089
6260.35 0.964762
6265.35 0.965181
6270.35 0.965389
6275.35 0.965439
6280.35 0.965329
6285.35 0.96507
6290.35 0.9647
6295.35 0.964219
6300.35 0.963627
6305.35 0.962938
6310.35 0.962135
6315.35 0.961178
6320.35 0.960085
6325.35 0.958837
6330.35 0.957358
6335.35 0.955582
6340.35 0.953479
6345.35 0.951007
6350.35 0.948163
6355.35 0.944996
6360.35 0.941468
6365.35 0.937605
6370.35 0.933451
6375.35 0.929079
6380.35 0.924513
6385.35 0.919821
6390.35 0.915102
6395.35 0.910405
6400.35 0.905805
6405.35 0.901366
6410.35 0.897164
6415.35 0.893251
6420.35 0.889667
6425.35 0.886414
6430.35 0.883494
6435.35 0.880927
6440.35 0.878668
6445.35 0.876653
6450.35 0.874881
6455.35 0.873297
6460.35 0.871808
6465.35 0.870327
6470.35 0.868816
6475.35 0.86726
6480.35 0.865597
6485.35 0.863758
6490.35 0.861622
6495.35 0.859221
6500.35 0.856546
6505.35 0.853617
6510.35 0.85046
6515.35 0.847094
6520.35 0.843529
6525.35 0.839862
6530.35 0.836156
6535.35 0.832472
6540.35 0.828831
6545.35 0.825254
6550.35 0.821793
6555.35 0.818533
6560.35 0.815479
6565.35 0.812605
6570.35 0.809868
6575.35 0.807257
6580.35 0.804748
6585.35 0.802293
6590.35 0.799867
6595.35 0.797435
6600.35 0.794953
6605.35 0.792401
6610.35 0.789738
6615.35 0.786945
6620.35 0.784025
6625.35 0.780994
6630.35 0.777902
6635.35 0.774797
6640.35 0.771721
6645.35 0.768714
6650.35 0.765861
6655.35 0.76322
6660.35 0.760882
6665.35 0.758901
6670.35 0.757351
6675.35 0.756246
6680.35 0.7556
6685.35 0.755468
6690.35 0.755857
6695.35 0.756739
6700.35 0.758105
6705.35 0.759914
6710.35 0.762121
6715.35 0.764672
6720.35 0.767535
6725.35 0.77073
6730.35 0.774268
6735.35 0.778152
6740.35 0.782426
6745.35 0.787169
6750.35 0.792489
6755.35 0.798512
6760.35 0.805395
6765.35 0.813281
6770.35 0.822236
6775.35 0.83223
6780.35 0.843198
6785.35 0.854877
6790.35 0.866789
6795.35 0.878088
6800.35 0.887485
6805.35 0.893326
6810.35 0.893503
6815.35 0.885902
6820.35 0.868553
6825.35 0.839971
6830.35 0.799658
6835.35 0.748097
6840.35 0.687324
6845.35 0.620177
6850.35 0.550123
6855.35 0.48051
6860.35 0.414206
6865.35 0.353465
6870.35 0.299435
6875.35 0.25236
6880.35 0.212152
6885.35 0.178283
6890.35 0.150029
6895.35 0.126618
6900.35 0.107151
6905.35 0.0910063
6910.35 0.0776218
6915.35 0.0664798
6920.35 0.0572456
6925.35 0.0496108
6930.35 0.0432425
6935.35 0.0378853
6940.35 0.033322
6945.35 0.0294221
6950.35 0.0260863
6955.35 0.0232164
6960.35 0.0207332
6965.35 0.0185728
6970.35 0.0166705
6975.35 0.014998
6980.35 0.0135181
6985.35 0.0122005
6990.35 0.0110329
6995.35 0.0099949
7000.35 0.00907146
7005.35 0.00824741
7010.35 0.00750666
7015.35 0.00683655
7020.35 0.00622828
7025.35 0.00567528
7030.35 0.00517638
7035.35 0.00472543
7040.35 0.0043143
7045.35 0.00393865
7050.35 0.00345496
7055.35 0.00246856
7060.35 0.00127587
7065.35 0.000217483
