@MEASUREMENT_RADIUS 18.6 cm
# lambda : Angstroms 
# tr : transmission ([0,1]) 
# end
5300.53 0.00016464
5305.53 0.00122401
5310.53 0.00276749
5315.53 0.0036306
5320.53 0.00395527
5325.53 0.00431343
5330.53 0.00470898
5335.53 0.005151
5340.53 0.0056471
5345.53 0.00619712
5350.53 0.00680931
5355.53 0.00749079
5360.53 0.00824204
5365.53 0.00906291
5370.53 0.00996575
5375.53 0.0109625
5380.53 0.0120608
5385.53 0.0132706
5390.53 0.0146015
5395.53 0.0160707
5400.53 0.0176966
5405.53 0.0194902
5410.53 0.0214746
5415.53 0.0236761
5420.53 0.0261195
5425.53 0.0288385
5430.53 0.0318536
5435.53 0.0351859
5440.53 0.0388901
5445.53 0.0430071
5450.53 0.0475943
5455.53 0.0527363
5460.53 0.0584502
5465.53 0.0647489
5470.53 0.0717268
5475.53 0.0794341
5480.53 0.0879331
5485.53 0.0972821
5490.53 0.107501
5495.53 0.118695
5500.53 0.130905
5505.53 0.144123
5510.53 0.158416
5515.53 0.173792
5520.53 0.190307
5525.53 0.207938
5530.53 0.226573
5535.53 0.246273
5540.53 0.266939
5545.53 0.288424
5550.53 0.310779
5555.53 0.333894
5560.53 0.357545
5565.53 0.381561
5570.53 0.405638
5575.53 0.42944
5580.53 0.45273
5585.53 0.475234
5590.53 0.496936
5595.53 0.517821
5600.53 0.537744
5605.53 0.556578
5610.53 0.574346
5615.53 0.591074
5620.53 0.606916
5625.53 0.621916
5630.53 0.636172
5635.53 0.649823
5640.53 0.662791
5645.53 0.67512
5650.53 0.686891
5655.53 0.698111
5660.53 0.708817
5665.53 0.718964
5670.53 0.728535
5675.53 0.737599
5680.53 0.746095
5685.53 0.753993
5690.53 0.761267
5695.53 0.767707
5700.53 0.773232
5705.53 0.777993
5710.53 0.782032
5715.53 0.785216
5720.53 0.787509
5725.53 0.788906
5730.53 0.789345
5735.53 0.788802
5740.53 0.787283
5745.53 0.784799
5750.53 0.781297
5755.53 0.776845
5760.53 0.7715
5765.53 0.765311
5770.53 0.75835
5775.53 0.75082
5780.53 0.742868
5785.53 0.734583
5790.53 0.726125
5795.53 0.717713
5800.53 0.709641
5805.53 0.702164
5810.53 0.69535
5815.53 0.689267
5820.53 0.684074
5825.53 0.679847
5830.53 0.676581
5835.53 0.67436
5840.53 0.67324
5845.53 0.673157
5850.53 0.674052
5855.53 0.675905
5860.53 0.678686
5865.53 0.682253
5870.53 0.686441
5875.53 0.691074
5880.53 0.696028
5885.53 0.701179
5890.53 0.706397
5895.53 0.711541
5900.53 0.716513
5905.53 0.721198
5910.53 0.725509
5915.53 0.729379
5920.53 0.732811
5925.53 0.735817
5930.53 0.738494
5935.53 0.740894
5940.53 0.743061
5945.53 0.745111
5950.53 0.747148
5955.53 0.749284
5960.53 0.751635
5965.53 0.754256
5970.53 0.757197
5975.53 0.76053
5980.53 0.764316
5985.53 0.768595
5990.53 0.773383
5995.53 0.778646
6000.53 0.784344
6005.53 0.790469
6010.53 0.797009
6015.53 0.803956
6020.53 0.811247
6025.53 0.818761
6030.53 0.826383
6035.53 0.834062
6040.53 0.841731
6045.53 0.849387
6050.53 0.857015
6055.53 0.864556
6060.53 0.871944
6065.53 0.879159
6070.53 0.886132
6075.53 0.892858
6080.53 0.899289
6085.53 0.905451
6090.53 0.911278
6095.53 0.91664
6100.53 0.921557
6105.53 0.926006
6110.53 0.92991
6115.53 0.933309
6120.53 0.936214
6125.53 0.938602
6130.53 0.940489
6135.53 0.941901
6140.53 0.942879
6145.53 0.9435
6150.53 0.943834
6155.53 0.943896
6160.53 0.943727
6165.53 0.943425
6170.53 0.943104
6175.53 0.94281
6180.53 0.942589
6185.53 0.942491
6190.53 0.942595
6195.53 0.942886
6200.53 0.943387
6205.53 0.944066
6210.53 0.944926
6215.53 0.945961
6220.53 0.947106
6225.53 0.948385
6230.53 0.949722
6235.53 0.951055
6240.53 0.95232
6245.53 0.953497
6250.53 0.954545
6255.53 0.955429
6260.53 0.956158
6265.53 0.95668
6270.53 0.957007
6275.53 0.957152
6280.53 0.957081
6285.53 0.956801
6290.53 0.956369
6295.53 0.955809
6300.53 0.95511
6305.53 0.954277
6310.53 0.953319
6315.53 0.952248
6320.53 0.951078
6325.53 0.949788
6330.53 0.948299
6335.53 0.946597
6340.53 0.944669
6345.53 0.942449
6350.53 0.939914
6355.53 0.937108
6360.53 0.93399
6365.53 0.93053
6370.53 0.926743
6375.53 0.922652
6380.53 0.918271
6385.53 0.913643
6390.53 0.908855
6395.53 0.903935
6400.53 0.898949
6405.53 0.893914
6410.53 0.888976
6415.53 0.884232
6420.53 0.879725
6425.53 0.875427
6430.53 0.871379
6435.53 0.867669
6440.53 0.864309
6445.53 0.861256
6450.53 0.858483
6455.53 0.855995
6460.53 0.853783
6465.53 0.851801
6470.53 0.849991
6475.53 0.84828
6480.53 0.84664
6485.53 0.844997
6490.53 0.843262
6495.53 0.841411
6500.53 0.839373
6505.53 0.837142
6510.53 0.834701
6515.53 0.832054
6520.53 0.829215
6525.53 0.826202
6530.53 0.82307
6535.53 0.819858
6540.53 0.816579
6545.53 0.81328
6550.53 0.81004
6555.53 0.806927
6560.53 0.803985
6565.53 0.801257
6570.53 0.798729
6575.53 0.796405
6580.53 0.794311
6585.53 0.792426
6590.53 0.790746
6595.53 0.789256
6600.53 0.787932
6605.53 0.786743
6610.53 0.785638
6615.53 0.784608
6620.53 0.783614
6625.53 0.782633
6630.53 0.781635
6635.53 0.78064
6640.53 0.779641
6645.53 0.7787
6650.53 0.777814
6655.53 0.77701
6660.53 0.776328
6665.53 0.775837
6670.53 0.775599
6675.53 0.775623
6680.53 0.775974
6685.53 0.776691
6690.53 0.777821
6695.53 0.779338
6700.53 0.781244
6705.53 0.783551
6710.53 0.786258
6715.53 0.789322
6720.53 0.792703
6725.53 0.796383
6730.53 0.800346
6735.53 0.804558
6740.53 0.809003
6745.53 0.813709
6750.53 0.818693
6755.53 0.823975
6760.53 0.829613
6765.53 0.83567
6770.53 0.842126
6775.53 0.848907
6780.53 0.85593
6785.53 0.863016
6790.53 0.86986
6795.53 0.875843
6800.53 0.880069
6805.53 0.881432
6810.53 0.878536
6815.53 0.869883
6820.53 0.853931
6825.53 0.829406
6830.53 0.795569
6835.53 0.752282
6840.53 0.70057
6845.53 0.642121
6850.53 0.579393
6855.53 0.515086
6860.53 0.45178
6865.53 0.391837
6870.53 0.336795
6875.53 0.287423
6880.53 0.244124
6885.53 0.206757
6890.53 0.17497
6895.53 0.148198
6900.53 0.125655
6905.53 0.106779
6910.53 0.0910089
6915.53 0.0778297
6920.53 0.0668796
6925.53 0.0578185
6930.53 0.0502734
6935.53 0.0439298
6940.53 0.0385439
6945.53 0.0339603
6950.53 0.0300476
6955.53 0.0266906
6960.53 0.0237974
6965.53 0.0212964
6970.53 0.0191076
6975.53 0.0171907
6980.53 0.0154991
6985.53 0.0140018
6990.53 0.0126797
6995.53 0.0115057
7000.53 0.0104636
7005.53 0.009536
7010.53 0.00870028
7015.53 0.00794191
7020.53 0.00725261
7025.53 0.00662736
7030.53 0.00606195
7035.53 0.00554915
7040.53 0.00508183
7045.53 0.00465664
7050.53 0.00426862
7055.53 0.00391354
7060.53 0.00342705
7065.53 0.00249807
7070.53 0.0013101
7075.53 0.0002591
