@MEASUREMENT_RADIUS 21 cm
# lambda : Angstroms 
# tr : transmission ([0,1]) 
# end
5310.88 0.000193801
5315.88 0.00119982
5320.88 0.00269688
5325.88 0.0035276
5330.88 0.00383035
5335.88 0.00417127
5340.88 0.00455578
5345.88 0.00498297
5350.88 0.00545735
5355.88 0.00598411
5360.88 0.00656437
5365.88 0.00720319
5370.88 0.00791234
5375.88 0.00869284
5380.88 0.00955124
5385.88 0.0104996
5390.88 0.0115458
5395.88 0.0127012
5400.88 0.0139783
5405.88 0.0153812
5410.88 0.0169305
5415.88 0.018648
5420.88 0.0205473
5425.88 0.0226562
5430.88 0.0249927
5435.88 0.0275697
5440.88 0.0304232
5445.88 0.033593
5450.88 0.037138
5455.88 0.0411207
5460.88 0.0455537
5465.88 0.0504562
5470.88 0.0559127
5475.88 0.061981
5480.88 0.0687121
5485.88 0.0761642
5490.88 0.0843787
5495.88 0.0934469
5500.88 0.103415
5505.88 0.11431
5510.88 0.126233
5515.88 0.139226
5520.88 0.153323
5525.88 0.16855
5530.88 0.18484
5535.88 0.202266
5540.88 0.220842
5545.88 0.240532
5550.88 0.261403
5555.88 0.283348
5560.88 0.306199
5565.88 0.329841
5570.88 0.353996
5575.88 0.378323
5580.88 0.402543
5585.88 0.426384
5590.88 0.449707
5595.88 0.472349
5600.88 0.494111
5605.88 0.514825
5610.88 0.534324
5615.88 0.552571
5620.88 0.569716
5625.88 0.585776
5630.88 0.600815
5635.88 0.615005
5640.88 0.628323
5645.88 0.640889
5650.88 0.652837
5655.88 0.664241
5660.88 0.675182
5665.88 0.68568
5670.88 0.695807
5675.88 0.705681
5680.88 0.715235
5685.88 0.724417
5690.88 0.7332
5695.88 0.741372
5700.88 0.748804
5705.88 0.755681
5710.88 0.762068
5715.88 0.767802
5720.88 0.772769
5725.88 0.776918
5730.88 0.780244
5735.88 0.782707
5740.88 0.784254
5745.88 0.784872
5750.88 0.784508
5755.88 0.783172
5760.88 0.780827
5765.88 0.777391
5770.88 0.7729
5775.88 0.767501
5780.88 0.761238
5785.88 0.7541
5790.88 0.746227
5795.88 0.737832
5800.88 0.72918
5805.88 0.72054
5810.88 0.71201
5815.88 0.703702
5820.88 0.695844
5825.88 0.688604
5830.88 0.682113
5835.88 0.676528
5840.88 0.671936
5845.88 0.668373
5850.88 0.665865
5855.88 0.664448
5860.88 0.664142
5865.88 0.664911
5870.88 0.66668
5875.88 0.669385
5880.88 0.672943
5885.88 0.677178
5890.88 0.681942
5895.88 0.687115
5900.88 0.692584
5905.88 0.698172
5910.88 0.703698
5915.88 0.709006
5920.88 0.714036
5925.88 0.71872
5930.88 0.722969
5935.88 0.726765
5940.88 0.730142
5945.88 0.733134
5950.88 0.7358
5955.88 0.738197
5960.88 0.740436
5965.88 0.742647
5970.88 0.744924
5975.88 0.747359
5980.88 0.750045
5985.88 0.753059
5990.88 0.756489
5995.88 0.7604
6000.88 0.764806
6005.88 0.769692
6010.88 0.775096
6015.88 0.781077
6020.88 0.787582
6025.88 0.794485
6030.88 0.801695
6035.88 0.809149
6040.88 0.816787
6045.88 0.824607
6050.88 0.832553
6055.88 0.84052
6060.88 0.848446
6065.88 0.85633
6070.88 0.864104
6075.88 0.871736
6080.88 0.879167
6085.88 0.886405
6090.88 0.893404
6095.88 0.900042
6100.88 0.90629
6105.88 0.912157
6110.88 0.917581
6115.88 0.922556
6120.88 0.927077
6125.88 0.931128
6130.88 0.934649
6135.88 0.937625
6140.88 0.940091
6145.88 0.942109
6150.88 0.943676
6155.88 0.944794
6160.88 0.945517
6165.88 0.945924
6170.88 0.946087
6175.88 0.946005
6180.88 0.945711
6185.88 0.945328
6190.88 0.944975
6195.88 0.944685
6200.88 0.944457
6205.88 0.94432
6210.88 0.944302
6215.88 0.944457
6220.88 0.944776
6225.88 0.945277
6230.88 0.945915
6235.88 0.946665
6240.88 0.947505
6245.88 0.948428
6250.88 0.949361
6255.88 0.950219
6260.88 0.951009
6265.88 0.951721
6270.88 0.952325
6275.88 0.952753
6280.88 0.952988
6285.88 0.953049
6290.88 0.952931
6295.88 0.952644
6300.88 0.952186
6305.88 0.951573
6310.88 0.95082
6315.88 0.949922
6320.88 0.948912
6325.88 0.947811
6330.88 0.946608
6335.88 0.945272
6340.88 0.943773
6345.88 0.942069
6350.88 0.940124
6355.88 0.937972
6360.88 0.935574
6365.88 0.932892
6370.88 0.929926
6375.88 0.926663
6380.88 0.923071
6385.88 0.91917
6390.88 0.915023
6395.88 0.910647
6400.88 0.906026
6405.88 0.901191
6410.88 0.896247
6415.88 0.891238
6420.88 0.886225
6425.88 0.881291
6430.88 0.876492
6435.88 0.8719
6440.88 0.867545
6445.88 0.863425
6450.88 0.859572
6455.88 0.856025
6460.88 0.852754
6465.88 0.849766
6470.88 0.847109
6475.88 0.844742
6480.88 0.842604
6485.88 0.840624
6490.88 0.838736
6495.88 0.836918
6500.88 0.835102
6505.88 0.833246
6510.88 0.83131
6515.88 0.829252
6520.88 0.827036
6525.88 0.824643
6530.88 0.822089
6535.88 0.819434
6540.88 0.816653
6545.88 0.813772
6550.88 0.810824
6555.88 0.807877
6560.88 0.805006
6565.88 0.802274
6570.88 0.799643
6575.88 0.797149
6580.88 0.794872
6585.88 0.792826
6590.88 0.79103
6595.88 0.789498
6600.88 0.788249
6605.88 0.787236
6610.88 0.786397
6615.88 0.785739
6620.88 0.78525
6625.88 0.784885
6630.88 0.784593
6635.88 0.78435
6640.88 0.784142
6645.88 0.783981
6650.88 0.783842
6655.88 0.783695
6660.88 0.78358
6665.88 0.783511
6670.88 0.783524
6675.88 0.783634
6680.88 0.783887
6685.88 0.784325
6690.88 0.785003
6695.88 0.785961
6700.88 0.787234
6705.88 0.788841
6710.88 0.790787
6715.88 0.793059
6720.88 0.795659
6725.88 0.798603
6730.88 0.801871
6735.88 0.805428
6740.88 0.809223
6745.88 0.813231
6750.88 0.817445
6755.88 0.821867
6760.88 0.826506
6765.88 0.831357
6770.88 0.836407
6775.88 0.841657
6780.88 0.847102
6785.88 0.852698
6790.88 0.8584
6795.88 0.864023
6800.88 0.869247
6805.88 0.873562
6810.88 0.876215
6815.88 0.87634
6820.88 0.872774
6825.88 0.864185
6830.88 0.849238
6835.88 0.826658
6840.88 0.79565
6845.88 0.755987
6850.88 0.708221
6855.88 0.653743
6860.88 0.594499
6865.88 0.532929
6870.88 0.471393
6875.88 0.411988
6880.88 0.356549
6885.88 0.306137
6890.88 0.261356
6895.88 0.222261
6900.88 0.188496
6905.88 0.159747
6910.88 0.135465
6915.88 0.11505
6920.88 0.0980812
6925.88 0.0840392
6930.88 0.0723752
6935.88 0.0626231
6940.88 0.0544086
6945.88 0.0474738
6950.88 0.0416054
6955.88 0.0366176
6960.88 0.0323753
6965.88 0.0287466
6970.88 0.0256064
6975.88 0.0228865
6980.88 0.0205103
6985.88 0.018428
6990.88 0.0166076
6995.88 0.0150101
7000.88 0.0136065
7005.88 0.0123696
7010.88 0.0112674
7015.88 0.010276
7020.88 0.00938135
7025.88 0.00857396
7030.88 0.00784783
7035.88 0.00719185
7040.88 0.00659405
7045.88 0.00604796
7050.88 0.00554888
7055.88 0.0050947
7060.88 0.0046811
7065.88 0.00430231
7070.88 0.00395869
7075.88 0.00346196
7080.88 0.00257534
7085.88 0.00137125
7090.88 0.00029945
7095.88 0
