@MEASUREMENT_RADIUS 2 cm
# lambda : Angstroms 
# tr : transmission ([0,1]) 
# end
6225 0
6230 3.47197e-06
6235 4.23701e-05
6240 6.9715e-05
6245 8.62596e-05
6250 5.64695e-05
6255 7.52063e-05
6260 6.80471e-05
6265 8.44838e-05
6270 7.67992e-05
6275 5.53044e-05
6280 5.11636e-05
6285 4.45781e-05
6290 5.70551e-05
6295 6.24044e-05
6300 0.000104379
6305 0.000130646
6310 0.000113172
6315 9.64388e-05
6320 6.03066e-05
6325 0.000104918
6330 0.000149929
6335 0.000142796
6340 0.000136095
6345 9.37637e-05
6350 8.18302e-05
6355 5.05672e-05
6360 5.19968e-05
6365 5.6224e-05
6370 7.78576e-05
6375 0.000106757
6380 9.60099e-05
6385 8.88878e-05
6390 7.26257e-05
6395 6.78953e-05
6400 8.79595e-05
6405 9.4059e-05
6410 0.000118512
6415 0.000142203
6420 0.000125205
6425 0.000114182
6430 0.000110197
6435 8.61429e-05
6440 9.96138e-05
6445 0.00011827
6450 0.000146751
6455 0.000189051
6460 0.000186201
6465 0.000194433
6470 0.000200877
6475 0.000185637
6480 0.000171742
6485 0.000162045
6490 0.00018113
6495 0.000242034
6500 0.000275935
6505 0.000318659
6510 0.000342262
6515 0.000338194
6520 0.000371388
6525 0.000377417
6530 0.000423529
6535 0.000456271
6540 0.000501169
6545 0.000553824
6550 0.000649699
6555 0.000751531
6560 0.000806509
6565 0.000891465
6570 0.000924807
6575 0.00100671
6580 0.00107511
6585 0.00115914
6590 0.00127936
6595 0.00140501
6600 0.00156999
6605 0.00173579
6610 0.00189145
6615 0.00206406
6620 0.00222094
6625 0.00244134
6630 0.00269094
6635 0.0029477
6640 0.00329008
6645 0.00364951
6650 0.00407887
6655 0.00456611
6660 0.00508444
6665 0.00570101
6670 0.00641556
6675 0.00724861
6680 0.00825801
6685 0.00943583
6690 0.0107987
6695 0.0124153
6700 0.0142528
6705 0.0163635
6710 0.0188095
6715 0.0215505
6720 0.0246826
6725 0.0281936
6730 0.0321031
6735 0.0365025
6740 0.0413887
6745 0.0468169
6750 0.0528617
6755 0.0595413
6760 0.0669583
6765 0.0752607
6770 0.0844632
6775 0.0949011
6780 0.106683
6785 0.120216
6790 0.135788
6795 0.153607
6800 0.174024
6805 0.197273
6810 0.22375
6815 0.253758
6820 0.287604
6825 0.325276
6830 0.366593
6835 0.411068
6840 0.458163
6845 0.506678
6850 0.555885
6855 0.604105
6860 0.649957
6865 0.692523
6870 0.730668
6875 0.764281
6880 0.793103
6885 0.817333
6890 0.837429
6895 0.853905
6900 0.867381
6905 0.878316
6910 0.887418
6915 0.894805
6920 0.901148
6925 0.906575
6930 0.911099
6935 0.915052
6940 0.918507
6945 0.9213
6950 0.923955
6955 0.926084
6960 0.927723
6965 0.929338
6970 0.930413
6975 0.931752
6980 0.932886
6985 0.934039
6990 0.935187
6995 0.936212
7000 0.937318
7005 0.93841
7010 0.939628
7015 0.940709
7020 0.942125
7025 0.943288
7030 0.944542
7035 0.945758
7040 0.946745
7045 0.947611
7050 0.94828
7055 0.948697
7060 0.948982
7065 0.949093
7070 0.948887
7075 0.948756
7080 0.948189
7085 0.947671
7090 0.947059
7095 0.946312
7100 0.945565
7105 0.944843
7110 0.944249
7115 0.943704
7120 0.9437
7125 0.943623
7130 0.943851
7135 0.944079
7140 0.944319
7145 0.944652
7150 0.945105
7155 0.945593
7160 0.94619
7165 0.946811
7170 0.947281
7175 0.947889
7180 0.948163
7185 0.948516
7190 0.948541
7195 0.948452
7200 0.948334
7205 0.948088
7210 0.947601
7215 0.946926
7220 0.94611
7225 0.944869
7230 0.944139
7235 0.943074
7240 0.942198
7245 0.941425
7250 0.940568
7255 0.93983
7260 0.939138
7265 0.938542
7270 0.937917
7275 0.937726
7280 0.937271
7285 0.937209
7290 0.937014
7295 0.936891
7300 0.936849
7305 0.936904
7310 0.936998
7315 0.93703
7320 0.937332
7325 0.937232
7330 0.937531
7335 0.937483
7340 0.937676
7345 0.937737
7350 0.937764
7355 0.938024
7360 0.938071
7365 0.938271
7370 0.938332
7375 0.938564
7380 0.938541
7385 0.939141
7390 0.939305
7395 0.939655
7400 0.940107
7405 0.940333
7410 0.940889
7415 0.941183
7420 0.941554
7425 0.9416
7430 0.941927
7435 0.94188
7440 0.942008
7445 0.941828
7450 0.941401
7455 0.940954
7460 0.940173
7465 0.939285
7470 0.938159
7475 0.937065
7480 0.935539
7485 0.934418
7490 0.932768
7495 0.931388
7500 0.929972
7505 0.928519
7510 0.927413
7515 0.926051
7520 0.925035
7525 0.923864
7530 0.923161
7535 0.922274
7540 0.92197
7545 0.921494
7550 0.921278
7555 0.921362
7560 0.921425
7565 0.921905
7570 0.922349
7575 0.923268
7580 0.923847
7585 0.924868
7590 0.925649
7595 0.926735
7600 0.927743
7605 0.929039
7610 0.930345
7615 0.931378
7620 0.932595
7625 0.933274
7630 0.934103
7635 0.934462
7640 0.935225
7645 0.935462
7650 0.935901
7655 0.936099
7660 0.936015
7665 0.936058
7670 0.935839
7675 0.935913
7680 0.935552
7685 0.935477
7690 0.934781
7695 0.934348
7700 0.933672
7705 0.933011
7710 0.932484
7715 0.931648
7720 0.931008
7725 0.929953
7730 0.929152
7735 0.927974
7740 0.926958
7745 0.925536
7750 0.924391
7755 0.92285
7760 0.92151
7765 0.920219
7770 0.918551
7775 0.917224
7780 0.91538
7785 0.913935
7790 0.912194
7795 0.910913
7800 0.909402
7805 0.908324
7810 0.9073
7815 0.906241
7820 0.905701
7825 0.904937
7830 0.904587
7835 0.904131
7840 0.904117
7845 0.903993
7850 0.904416
7855 0.90484
7860 0.905671
7865 0.906505
7870 0.907215
7875 0.908408
7880 0.909245
7885 0.910672
7890 0.91177
7895 0.913319
7900 0.914504
7905 0.915953
7910 0.917079
7915 0.918204
7920 0.919519
7925 0.920122
7930 0.921242
7935 0.92167
7940 0.922186
7945 0.92236
7950 0.922671
7955 0.92268
7960 0.922761
7965 0.922751
7970 0.922575
7975 0.922545
7980 0.922026
7985 0.921871
7990 0.921233
7995 0.920849
8000 0.920172
8005 0.919647
8010 0.918927
8015 0.91838
8020 0.917847
8025 0.917273
8030 0.917114
8035 0.916424
8040 0.91617
8045 0.915578
8050 0.915182
8055 0.914642
8060 0.914449
8065 0.91413
8070 0.913777
8075 0.913729
8080 0.91307
8085 0.912947
8090 0.912175
8095 0.911752
8100 0.911141
8105 0.91072
8110 0.910216
8115 0.909845
8120 0.909434
8125 0.908746
8130 0.908323
8135 0.907372
8140 0.906905
8145 0.905976
8150 0.905477
8155 0.904897
8160 0.90447
8165 0.903966
8170 0.903552
8175 0.903242
8180 0.902587
8185 0.902522
8190 0.901852
8195 0.901833
8200 0.90146
8205 0.901338
8210 0.901216
8215 0.901224
8220 0.901105
8225 0.900961
8230 0.901087
8235 0.900679
8240 0.900624
8245 0.899907
8250 0.899353
8255 0.898317
8260 0.897126
8265 0.89566
8270 0.893952
8275 0.892018
8280 0.889548
8285 0.887169
8290 0.88412
8295 0.881379
8300 0.877962
8305 0.87479
8310 0.871433
8315 0.868294
8320 0.865326
8325 0.862738
8330 0.860561
8335 0.858371
8340 0.857003
8345 0.855631
8350 0.85534
8355 0.855328
8360 0.855886
8365 0.856693
8370 0.857302
8375 0.857199
8380 0.855776
8385 0.852385
8390 0.845546
8395 0.835076
8400 0.819157
8405 0.797759
8410 0.769668
8415 0.734964
8420 0.693927
8425 0.647234
8430 0.596362
8435 0.54269
8440 0.488461
8445 0.434974
8450 0.384049
8455 0.336263
8460 0.292827
8465 0.253736
8470 0.219096
8475 0.188774
8480 0.162336
8485 0.139593
8490 0.120038
8495 0.103374
8500 0.0891706
8505 0.077087
8510 0.0667616
8515 0.0579744
8520 0.0504544
8525 0.0439759
8530 0.0384275
8535 0.0336651
8540 0.0295742
8545 0.0260204
8550 0.022955
8555 0.0203111
8560 0.0179647
8565 0.0159368
8570 0.0141695
8575 0.0125976
8580 0.0112178
8585 0.0100233
8590 0.00892904
8595 0.00796354
8600 0.00712097
8605 0.00639879
8610 0.00573062
8615 0.00515657
8620 0.00466828
8625 0.00420618
8630 0.00375371
8635 0.00340397
8640 0.0030567
8645 0.00278163
8650 0.00250918
8655 0.00229365
8660 0.00207162
8665 0.00187214
8670 0.00168252
8675 0.00153007
8680 0.00139595
8685 0.00126289
8690 0.00116384
8695 0.00108842
8700 0.00100609
8705 0.000927489
8710 0.000865828
8715 0.000794877
8720 0.000721408
8725 0.000557379
8730 0.000397809
8735 0.000242653
8740 0.000111315
8745 0
