@MEASUREMENT_RADIUS 10 cm
# lambda : Angstroms 
# tr : transmission ([0,1]) 
# end
6225 0
6230 7.80324e-06
6235 2.34206e-05
6240 6.92645e-05
6245 0.000112548
6250 0.000130553
6255 0.000140801
6260 0.000129273
6265 0.000122857
6270 0.000107162
6275 0.000120296
6280 9.50651e-05
6285 9.49275e-05
6290 5.71799e-05
6295 5.96065e-05
6300 8.16844e-05
6305 0.000102886
6310 9.89562e-05
6315 7.58463e-05
6320 4.5209e-05
6325 3.58484e-05
6330 6.13489e-05
6335 7.43694e-05
6340 8.9887e-05
6345 9.06057e-05
6350 8.39282e-05
6355 8.00739e-05
6360 9.15358e-05
6365 9.89747e-05
6370 0.00010381
6375 8.55398e-05
6380 7.91329e-05
6385 7.06567e-05
6390 7.587e-05
6395 0.000110807
6400 0.000116429
6405 0.000118602
6410 0.000103123
6415 0.000115761
6420 0.000143762
6425 0.000154242
6430 0.000149387
6435 0.000124978
6440 0.00011529
6445 0.000120779
6450 0.000139478
6455 0.000188509
6460 0.000212284
6465 0.000251691
6470 0.000250529
6475 0.00026929
6480 0.000273947
6485 0.00030747
6490 0.000334646
6495 0.000361647
6500 0.000360934
6505 0.000380425
6510 0.000412239
6515 0.000453428
6520 0.000509467
6525 0.000548131
6530 0.000604346
6535 0.000659912
6540 0.000716588
6545 0.000809361
6550 0.000903278
6555 0.00101238
6560 0.00109019
6565 0.00120124
6570 0.00130932
6575 0.00140251
6580 0.00152159
6585 0.0016478
6590 0.00180835
6595 0.00200742
6600 0.00219607
6605 0.00238826
6610 0.00262106
6615 0.00286188
6620 0.00315583
6625 0.00352043
6630 0.00390734
6635 0.00437458
6640 0.0048439
6645 0.00540869
6650 0.00607307
6655 0.0068487
6660 0.00780041
6665 0.00889208
6670 0.0101642
6675 0.0116673
6680 0.0133861
6685 0.0153694
6690 0.017665
6695 0.020323
6700 0.0233385
6705 0.0267752
6710 0.0306345
6715 0.0349252
6720 0.0397622
6725 0.0451182
6730 0.0510642
6735 0.0576575
6740 0.0649232
6745 0.0729808
6750 0.0818991
6755 0.0918376
6760 0.103081
6765 0.115791
6770 0.130201
6775 0.146582
6780 0.165261
6785 0.186719
6790 0.211406
6795 0.239514
6800 0.271299
6805 0.306893
6810 0.346247
6815 0.389291
6820 0.435511
6825 0.484093
6830 0.53392
6835 0.583661
6840 0.631946
6845 0.677512
6850 0.719368
6855 0.756525
6860 0.788584
6865 0.815676
6870 0.838026
6875 0.85626
6880 0.870991
6885 0.882709
6890 0.892243
6895 0.899895
6900 0.906241
6905 0.911479
6910 0.915816
6915 0.919608
6920 0.9228
6925 0.92553
6930 0.927799
6935 0.929653
6940 0.931168
6945 0.932445
6950 0.933548
6955 0.934451
6960 0.935278
6965 0.935999
6970 0.936668
6975 0.937416
6980 0.938229
6985 0.939183
6990 0.940247
6995 0.941365
7000 0.942592
7005 0.943837
7010 0.945119
7015 0.946317
7020 0.94735
7025 0.948307
7030 0.949131
7035 0.949911
7040 0.950502
7045 0.950884
7050 0.950956
7055 0.950829
7060 0.950495
7065 0.950024
7070 0.949427
7075 0.948734
7080 0.948054
7085 0.947416
7090 0.946925
7095 0.946441
7100 0.945965
7105 0.945589
7110 0.945415
7115 0.945408
7120 0.945689
7125 0.946134
7130 0.946504
7135 0.947045
7140 0.947573
7145 0.948078
7150 0.948651
7155 0.949184
7160 0.949675
7165 0.950026
7170 0.950234
7175 0.95022
7180 0.950058
7185 0.949735
7190 0.949242
7195 0.948601
7200 0.947981
7205 0.947349
7210 0.946584
7215 0.945795
7220 0.944777
7225 0.943645
7230 0.942654
7235 0.941732
7240 0.940878
7245 0.940361
7250 0.939832
7255 0.939431
7260 0.939094
7265 0.938761
7270 0.938562
7275 0.938511
7280 0.938559
7285 0.93866
7290 0.938857
7295 0.938954
7300 0.939097
7305 0.93932
7310 0.939478
7315 0.939676
7320 0.939833
7325 0.939919
7330 0.939952
7335 0.939992
7340 0.940045
7345 0.940116
7350 0.940219
7355 0.940435
7360 0.940614
7365 0.94085
7370 0.94105
7375 0.941217
7380 0.941384
7385 0.941675
7390 0.941977
7395 0.942214
7400 0.942554
7405 0.94269
7410 0.942913
7415 0.943073
7420 0.943131
7425 0.943118
7430 0.942946
7435 0.942711
7440 0.942196
7445 0.941527
7450 0.940647
7455 0.939578
7460 0.938395
7465 0.937066
7470 0.935622
7475 0.934142
7480 0.932669
7485 0.931224
7490 0.929858
7495 0.92855
7500 0.927343
7505 0.926281
7510 0.925338
7515 0.924514
7520 0.923895
7525 0.923373
7530 0.92304
7535 0.922902
7540 0.922981
7545 0.923299
7550 0.923705
7555 0.92443
7560 0.925124
7565 0.925991
7570 0.926966
7575 0.927978
7580 0.929055
7585 0.930111
7590 0.931153
7595 0.932068
7600 0.932949
7605 0.933773
7610 0.93459
7615 0.935359
7620 0.93596
7625 0.936408
7630 0.936715
7635 0.936786
7640 0.936849
7645 0.936831
7650 0.936702
7655 0.936487
7660 0.936142
7665 0.935696
7670 0.935168
7675 0.934675
7680 0.934123
7685 0.93355
7690 0.932938
7695 0.932167
7700 0.93136
7705 0.9304
7710 0.929501
7715 0.928538
7720 0.927546
7725 0.926504
7730 0.925409
7735 0.92423
7740 0.922908
7745 0.921585
7750 0.92021
7755 0.918741
7760 0.917383
7765 0.916017
7770 0.914635
7775 0.913337
7780 0.911989
7785 0.910764
7790 0.909616
7795 0.908559
7800 0.907727
7805 0.907015
7810 0.906465
7815 0.906011
7820 0.905732
7825 0.905571
7830 0.905564
7835 0.905804
7840 0.906168
7845 0.906741
7850 0.907479
7855 0.908373
7860 0.909389
7865 0.91043
7870 0.911537
7875 0.912685
7880 0.913848
7885 0.915092
7890 0.916352
7895 0.917555
7900 0.91862
7905 0.919621
7910 0.92052
7915 0.921293
7920 0.922066
7925 0.922535
7930 0.922885
7935 0.923028
7940 0.922987
7945 0.922951
7950 0.92286
7955 0.922669
7960 0.922325
7965 0.921879
7970 0.92142
7975 0.920941
7980 0.920474
7985 0.920118
7990 0.919767
7995 0.919332
8000 0.918926
8005 0.918372
8010 0.917784
8015 0.917263
8020 0.91677
8025 0.916459
8030 0.916182
8035 0.915896
8040 0.91565
8045 0.915348
8050 0.914998
8055 0.9147
8060 0.914467
8065 0.914227
8070 0.913979
8075 0.913749
8080 0.913305
8085 0.912746
8090 0.912141
8095 0.911523
8100 0.910944
8105 0.910439
8110 0.909959
8115 0.909445
8120 0.908876
8125 0.908251
8130 0.907623
8135 0.907023
8140 0.906377
8145 0.905714
8150 0.905096
8155 0.904545
8160 0.90401
8165 0.90358
8170 0.903279
8175 0.902983
8180 0.902635
8185 0.902376
8190 0.902128
8195 0.901919
8200 0.901831
8205 0.901695
8210 0.901599
8215 0.901393
8220 0.901014
8225 0.900539
8230 0.900027
8235 0.899324
8240 0.89845
8245 0.897303
8250 0.895808
8255 0.894064
8260 0.891988
8265 0.889665
8270 0.887227
8275 0.884583
8280 0.881714
8285 0.878745
8290 0.87572
8295 0.872697
8300 0.86974
8305 0.866924
8310 0.86435
8315 0.86216
8320 0.860283
8325 0.858977
8330 0.858306
8335 0.858216
8340 0.85875
8345 0.859702
8350 0.860899
8355 0.862081
8360 0.862637
8365 0.862349
8370 0.860482
8375 0.856196
8380 0.848683
8385 0.83695
8390 0.819988
8395 0.797111
8400 0.767903
8405 0.732301
8410 0.690653
8415 0.643806
8420 0.593145
8425 0.540138
8430 0.486523
8435 0.433933
8440 0.383751
8445 0.336963
8450 0.294175
8455 0.255686
8460 0.221544
8465 0.19156
8470 0.165431
8475 0.142806
8480 0.123279
8485 0.106524
8490 0.0921588
8495 0.0798179
8500 0.0692729
8505 0.060253
8510 0.0525006
8515 0.0458471
8520 0.0401327
8525 0.0351939
8530 0.0309189
8535 0.0272236
8540 0.0240313
8545 0.0212538
8550 0.0188259
8555 0.0166999
8560 0.014833
8565 0.0131817
8570 0.0117258
8575 0.0104598
8580 0.00932748
8585 0.00833762
8590 0.00745127
8595 0.00667445
8600 0.00599668
8605 0.00537737
8610 0.00483396
8615 0.00435489
8620 0.00391595
8625 0.00353208
8630 0.00320595
8635 0.00289282
8640 0.00262412
8645 0.00237442
8650 0.00215656
8655 0.00195741
8660 0.00178904
8665 0.00162046
8670 0.00147472
8675 0.00132161
8680 0.00119843
8685 0.00109127
8690 0.00100942
8695 0.000953888
8700 0.000904751
8705 0.000859477
8710 0.000799686
8715 0.000739473
8720 0.000650825
8725 0.000515826
8730 0.000357771
8735 0.000226577
8740 9.38574e-05
8745 2.094e-06
