@MEASUREMENT_RADIUS 0 cm
# lambda : Angstroms 
# tr : transmission ([0,1]) 
# end
7940 0
7945 8.9148e-05
7950 0.000757373
7955 0.00144943
7960 0.00219337
7965 0.00308591
7970 0.00394423
7975 0.00436127
7980 0.00480511
7985 0.00526567
7990 0.00564527
7995 0.00600376
8000 0.00639679
8005 0.00682609
8010 0.00728871
8015 0.00778307
8020 0.00831177
8025 0.00888188
8030 0.00950496
8035 0.0101913
8040 0.0109405
8045 0.011753
8050 0.0126278
8055 0.0135664
8060 0.0145983
8065 0.0157459
8070 0.0170157
8075 0.0184009
8080 0.0198991
8085 0.021502
8090 0.0232539
8095 0.0251992
8100 0.0273431
8105 0.0296913
8110 0.0322492
8115 0.0350191
8120 0.0380242
8125 0.0413583
8130 0.0450501
8135 0.0491275
8140 0.0535848
8145 0.0584385
8150 0.0637046
8155 0.0695106
8160 0.0759881
8165 0.0831686
8170 0.0910211
8175 0.0995483
8180 0.108745
8185 0.118738
8190 0.129843
8195 0.142039
8200 0.15531
8205 0.169603
8210 0.184989
8215 0.201495
8220 0.219398
8225 0.238787
8230 0.259614
8235 0.281705
8240 0.304885
8245 0.329109
8250 0.354507
8255 0.381277
8260 0.409242
8265 0.438031
8270 0.467234
8275 0.496619
8280 0.526186
8285 0.555873
8290 0.585668
8295 0.615126
8300 0.643795
8305 0.671236
8310 0.697486
8315 0.722619
8320 0.746501
8325 0.768987
8330 0.789943
8335 0.809011
8340 0.82589
8345 0.840922
8350 0.854418
8355 0.866291
8360 0.87654
8365 0.885237
8370 0.892436
8375 0.898242
8380 0.902872
8385 0.906519
8390 0.909279
8395 0.91126
8400 0.91255
8405 0.913255
8410 0.913521
8415 0.913479
8420 0.913196
8425 0.91274
8430 0.912199
8435 0.911638
8440 0.911093
8445 0.910611
8450 0.910224
8455 0.909934
8460 0.909767
8465 0.909751
8470 0.909881
8475 0.910154
8480 0.910594
8485 0.91117
8490 0.911879
8495 0.912702
8500 0.913641
8505 0.914699
8510 0.915854
8515 0.917068
8520 0.91833
8525 0.919628
8530 0.920928
8535 0.922244
8540 0.923565
8545 0.924861
8550 0.926116
8555 0.927331
8560 0.92849
8565 0.929567
8570 0.930587
8575 0.931541
8580 0.932393
8585 0.933119
8590 0.933744
8595 0.934264
8600 0.934663
8605 0.93496
8610 0.935161
8615 0.935253
8620 0.935234
8625 0.935109
8630 0.934875
8635 0.934522
8640 0.93406
8645 0.933491
8650 0.93284
8655 0.932101
8660 0.931281
8665 0.930379
8670 0.929411
8675 0.928376
8680 0.9273
8685 0.926191
8690 0.925045
8695 0.923856
8700 0.922633
8705 0.921393
8710 0.920139
8715 0.918896
8720 0.917671
8725 0.916434
8730 0.915209
8735 0.913993
8740 0.912797
8745 0.911616
8750 0.910497
8755 0.9094
8760 0.908323
8765 0.907277
8770 0.906293
8775 0.905355
8780 0.904479
8785 0.903649
8790 0.902886
8795 0.902176
8800 0.901526
8805 0.900923
8810 0.9004
8815 0.899947
8820 0.899544
8825 0.899175
8830 0.898874
8835 0.898639
8840 0.89846
8845 0.898339
8850 0.898275
8855 0.898268
8860 0.898298
8865 0.898377
8870 0.898503
8875 0.898675
8880 0.898893
8885 0.899165
8890 0.899473
8895 0.899813
8900 0.90018
8905 0.900583
8910 0.901017
8915 0.901478
8920 0.901958
8925 0.902466
8930 0.902987
8935 0.903513
8940 0.904031
8945 0.904559
8950 0.905092
8955 0.905627
8960 0.906153
8965 0.906671
8970 0.907184
8975 0.907679
8980 0.908156
8985 0.908619
8990 0.90906
8995 0.909473
9000 0.909852
9005 0.910208
9010 0.91053
9015 0.91081
9020 0.911064
9025 0.911291
9030 0.911479
9035 0.911627
9040 0.91174
9045 0.911814
9050 0.911843
9055 0.911834
9060 0.91179
9065 0.911691
9070 0.91156
9075 0.911385
9080 0.911171
9085 0.910904
9090 0.910603
9095 0.910269
9100 0.909897
9105 0.909491
9110 0.909052
9115 0.908572
9120 0.908071
9125 0.90753
9130 0.906947
9135 0.906326
9140 0.905688
9145 0.90502
9150 0.904331
9155 0.903624
9160 0.902906
9165 0.902167
9170 0.901409
9175 0.900634
9180 0.899848
9185 0.89907
9190 0.89828
9195 0.897484
9200 0.896671
9205 0.89586
9210 0.895049
9215 0.894237
9220 0.893445
9225 0.892657
9230 0.891869
9235 0.891079
9240 0.890309
9245 0.889544
9250 0.888795
9255 0.888072
9260 0.887381
9265 0.886695
9270 0.886028
9275 0.885382
9280 0.884764
9285 0.884172
9290 0.883608
9295 0.883076
9300 0.88256
9305 0.882079
9310 0.881626
9315 0.881199
9320 0.880808
9325 0.880448
9330 0.880123
9335 0.879824
9340 0.879558
9345 0.879348
9350 0.879165
9355 0.879018
9360 0.878918
9365 0.878854
9370 0.878827
9375 0.878832
9380 0.878883
9385 0.878974
9390 0.879093
9395 0.879256
9400 0.879455
9405 0.879685
9410 0.879948
9415 0.88025
9420 0.880595
9425 0.88097
9430 0.881375
9435 0.881815
9440 0.882292
9445 0.882784
9450 0.883303
9455 0.883857
9460 0.884441
9465 0.885043
9470 0.885676
9475 0.886348
9480 0.887037
9485 0.887745
9490 0.888484
9495 0.889245
9500 0.890008
9505 0.89078
9510 0.891591
9515 0.892411
9520 0.893233
9525 0.894075
9530 0.894925
9535 0.89577
9540 0.896612
9545 0.897472
9550 0.898356
9555 0.899231
9560 0.900108
9565 0.900996
9570 0.901892
9575 0.902777
9580 0.903654
9585 0.904539
9590 0.905427
9595 0.906302
9600 0.907161
9605 0.908024
9610 0.90888
9615 0.90973
9620 0.910568
9625 0.911396
9630 0.912204
9635 0.912994
9640 0.913774
9645 0.914529
9650 0.915259
9655 0.915974
9660 0.916667
9665 0.917324
9670 0.917952
9675 0.918568
9680 0.91917
9685 0.919748
9690 0.920302
9695 0.920832
9700 0.921346
9705 0.92184
9710 0.922302
9715 0.922743
9720 0.923156
9725 0.923546
9730 0.923905
9735 0.924228
9740 0.924524
9745 0.924784
9750 0.925025
9755 0.925239
9760 0.92541
9765 0.925556
9770 0.925681
9775 0.92578
9780 0.925845
9785 0.92587
9790 0.925876
9795 0.925862
9800 0.925813
9805 0.925742
9810 0.925648
9815 0.925539
9820 0.925403
9825 0.925229
9830 0.925028
9835 0.924802
9840 0.924559
9845 0.92429
9850 0.924006
9855 0.923706
9860 0.923397
9865 0.923074
9870 0.92272
9875 0.922354
9880 0.921976
9885 0.921587
9890 0.921179
9895 0.920759
9900 0.920335
9905 0.919901
9910 0.919456
9915 0.918997
9920 0.918535
9925 0.918064
9930 0.91759
9935 0.917107
9940 0.916622
9945 0.916144
9950 0.915655
9955 0.915169
9960 0.914679
9965 0.914195
9970 0.913712
9975 0.913223
9980 0.912743
9985 0.912266
9990 0.911792
9995 0.911328
10000 0.910869
10005 0.910417
10010 0.90997
10015 0.909532
10020 0.909106
10025 0.908684
10030 0.908273
10035 0.907879
10040 0.907499
10045 0.907126
10050 0.906764
10055 0.906423
10060 0.906098
10065 0.905776
10070 0.905466
10075 0.905171
10080 0.904892
10085 0.90463
10090 0.904377
10095 0.904139
10100 0.903926
10105 0.903731
10110 0.903552
10115 0.903388
10120 0.903238
10125 0.903101
10130 0.902975
10135 0.902873
10140 0.902789
10145 0.902729
10150 0.902689
10155 0.902666
10160 0.902664
10165 0.902675
10170 0.9027
10175 0.902736
10180 0.902787
10185 0.902865
10190 0.902961
10195 0.903071
10200 0.903204
10205 0.903356
10210 0.903532
10215 0.903719
10220 0.903918
10225 0.904139
10230 0.904382
10235 0.904652
10240 0.904936
10245 0.905236
10250 0.905558
10255 0.90589
10260 0.90623
10265 0.906579
10270 0.906936
10275 0.907307
10280 0.907684
10285 0.908074
10290 0.908482
10295 0.908899
10300 0.90933
10305 0.909774
10310 0.910231
10315 0.910699
10320 0.911167
10325 0.911644
10330 0.912137
10335 0.912641
10340 0.913149
10345 0.913662
10350 0.914175
10355 0.914709
10360 0.915248
10365 0.915792
10370 0.916329
10375 0.916865
10380 0.917422
10385 0.917983
10390 0.918538
10395 0.919097
10400 0.919656
10405 0.920224
10410 0.920788
10415 0.921336
10420 0.921887
10425 0.922441
10430 0.922997
10435 0.923544
10440 0.924086
10445 0.92464
10450 0.9252
10455 0.925749
10460 0.926288
10465 0.926834
10470 0.927376
10475 0.927906
10480 0.928424
10485 0.928939
10490 0.929449
10495 0.929951
10500 0.93044
10505 0.930927
10510 0.931401
10515 0.931879
10520 0.932352
10525 0.932807
10530 0.933261
10535 0.933708
10540 0.934155
10545 0.934584
10550 0.934991
10555 0.935395
10560 0.935785
10565 0.93616
10570 0.936528
10575 0.936883
10580 0.937233
10585 0.937577
10590 0.937914
10595 0.938243
10600 0.938554
10605 0.938845
10610 0.93913
10615 0.939403
10620 0.939661
10625 0.939903
10630 0.940127
10635 0.940362
10640 0.940589
10645 0.940787
10650 0.940969
10655 0.941141
10660 0.941305
10665 0.941464
10670 0.941593
10675 0.941728
10680 0.941851
10685 0.941958
10690 0.942043
10695 0.942123
10700 0.942185
10705 0.942241
10710 0.942277
10715 0.942312
10720 0.942332
10725 0.942343
10730 0.942348
10735 0.942341
10740 0.942323
10745 0.94229
10750 0.942247
10755 0.942196
10760 0.942135
10765 0.942057
10770 0.941982
10775 0.941897
10780 0.941813
10785 0.941718
10790 0.941619
10795 0.94151
10800 0.941399
10805 0.941272
10810 0.94114
10815 0.940994
10820 0.940844
10825 0.94069
10830 0.940533
10835 0.940369
10840 0.940203
10845 0.940037
10850 0.939873
10855 0.939697
10860 0.939505
10865 0.939304
10870 0.939109
10875 0.938906
10880 0.938711
10885 0.938511
10890 0.938322
10895 0.938127
10900 0.937932
10905 0.937724
10910 0.937518
10915 0.9373
10920 0.937087
10925 0.93687
10930 0.936667
10935 0.936459
10940 0.936266
10945 0.936071
10950 0.935876
10955 0.935683
10960 0.870321
10965 0.728899
10970 0.59131
10975 0.453741
10980 0.314429
10985 0.177175
10990 0.0409611
10995 0
