@MEASUREMENT_RADIUS 7 cm
# lambda : Angstroms 
# tr : transmission ([0,1]) 
# end
7895 0
7900 0.000130172
7905 0.000731567
7910 0.00142332
7915 0.00216471
7920 0.00294801
7925 0.00363994
7930 0.00388503
7935 0.00414711
7940 0.00442912
7945 0.00473585
7950 0.00506465
7955 0.00541551
7960 0.00581715
7965 0.00642274
7970 0.00719308
7975 0.00802247
7980 0.00890847
7985 0.00983226
7990 0.0106156
7995 0.0113653
8000 0.0121907
8005 0.0131028
8010 0.0141006
8015 0.0151799
8020 0.0163412
8025 0.0175934
8030 0.0189697
8035 0.0204949
8040 0.0221688
8045 0.0239982
8050 0.0259874
8055 0.028144
8060 0.0305199
8065 0.0331735
8070 0.0361179
8075 0.0393595
8080 0.0428867
8085 0.0467038
8090 0.0508937
8095 0.0555464
8100 0.0607122
8105 0.0664004
8110 0.072625
8115 0.0793915
8120 0.0867358
8125 0.0948367
8130 0.10384
8135 0.113753
8140 0.124532
8145 0.136216
8150 0.148821
8155 0.162541
8160 0.17758
8165 0.193974
8170 0.211645
8175 0.230496
8180 0.250386
8185 0.271438
8190 0.293989
8195 0.317986
8200 0.343208
8205 0.369454
8210 0.396556
8215 0.424192
8220 0.452641
8225 0.481912
8230 0.511768
8235 0.541706
8240 0.571437
8245 0.600625
8250 0.629256
8255 0.657386
8260 0.684771
8265 0.711068
8270 0.735899
8275 0.75902
8280 0.780371
8285 0.80008
8290 0.818231
8295 0.834719
8300 0.849391
8305 0.862129
8310 0.87309
8315 0.882427
8320 0.890311
8325 0.896885
8330 0.902256
8335 0.90645
8340 0.909556
8345 0.911769
8350 0.913264
8355 0.914171
8360 0.914616
8365 0.914673
8370 0.914442
8375 0.914018
8380 0.913464
8385 0.912842
8390 0.912216
8395 0.911635
8400 0.91113
8405 0.910729
8410 0.910456
8415 0.910331
8420 0.910349
8425 0.910505
8430 0.910824
8435 0.911305
8440 0.911932
8445 0.912707
8450 0.913608
8455 0.914605
8460 0.915671
8465 0.916826
8470 0.918054
8475 0.919345
8480 0.920713
8485 0.922123
8490 0.923556
8495 0.924956
8500 0.926328
8505 0.927671
8510 0.92898
8515 0.930207
8520 0.93137
8525 0.932452
8530 0.933417
8535 0.934276
8540 0.93504
8545 0.935692
8550 0.936241
8555 0.936683
8560 0.937009
8565 0.937209
8570 0.937307
8575 0.937272
8580 0.937117
8585 0.936852
8590 0.936479
8595 0.935996
8600 0.935417
8605 0.934749
8610 0.933983
8615 0.933151
8620 0.932254
8625 0.931286
8630 0.930244
8635 0.929144
8640 0.927972
8645 0.926743
8650 0.925503
8655 0.924248
8660 0.922971
8665 0.921686
8670 0.920395
8675 0.919088
8680 0.917791
8685 0.916519
8690 0.915263
8695 0.914022
8700 0.912801
8705 0.911613
8710 0.910475
8715 0.909396
8720 0.908358
8725 0.907378
8730 0.906453
8735 0.905563
8740 0.904709
8745 0.903919
8750 0.903204
8755 0.902522
8760 0.901888
8765 0.901317
8770 0.900819
8775 0.900376
8780 0.899996
8785 0.899667
8790 0.899415
8795 0.899203
8800 0.899038
8805 0.898932
8810 0.898898
8815 0.898904
8820 0.898953
8825 0.899043
8830 0.899183
8835 0.899359
8840 0.899574
8845 0.899833
8850 0.900124
8855 0.900449
8860 0.900786
8865 0.901149
8870 0.901529
8875 0.901932
8880 0.90235
8885 0.902786
8890 0.903237
8895 0.90369
8900 0.904128
8905 0.904565
8910 0.905003
8915 0.905442
8920 0.905866
8925 0.906276
8930 0.906682
8935 0.907068
8940 0.907418
8945 0.907742
8950 0.908049
8955 0.908334
8960 0.908577
8965 0.908799
8970 0.908989
8975 0.909141
8980 0.909249
8985 0.909326
8990 0.909356
8995 0.909345
9000 0.909291
9005 0.909206
9010 0.909079
9015 0.908902
9020 0.908684
9025 0.908433
9030 0.908139
9035 0.907807
9040 0.907436
9045 0.907034
9050 0.906588
9055 0.906109
9060 0.905582
9065 0.90503
9070 0.904455
9075 0.90384
9080 0.903189
9085 0.902526
9090 0.901847
9095 0.901134
9100 0.900393
9105 0.899641
9110 0.898866
9115 0.898059
9120 0.897235
9125 0.896406
9130 0.895565
9135 0.894718
9140 0.893862
9145 0.893008
9150 0.89216
9155 0.891301
9160 0.890447
9165 0.889601
9170 0.888754
9175 0.887905
9180 0.887074
9185 0.886277
9190 0.885485
9195 0.884712
9200 0.883945
9205 0.883206
9210 0.88248
9215 0.881776
9220 0.881106
9225 0.880468
9230 0.879851
9235 0.879249
9240 0.878669
9245 0.878114
9250 0.877593
9255 0.877106
9260 0.876661
9265 0.876252
9270 0.875888
9275 0.875547
9280 0.87524
9285 0.874976
9290 0.874757
9295 0.874561
9300 0.874397
9305 0.874287
9310 0.874215
9315 0.87417
9320 0.874165
9325 0.874215
9330 0.874297
9335 0.874409
9340 0.874551
9345 0.87475
9350 0.874977
9355 0.875237
9360 0.875552
9365 0.875899
9370 0.876289
9375 0.876696
9380 0.877145
9385 0.877632
9390 0.878136
9395 0.878686
9400 0.879268
9405 0.879889
9410 0.880529
9415 0.881197
9420 0.881907
9425 0.882627
9430 0.883365
9435 0.884117
9440 0.884896
9445 0.885681
9450 0.886487
9455 0.887327
9460 0.888189
9465 0.889065
9470 0.889946
9475 0.89084
9480 0.891741
9485 0.892646
9490 0.893563
9495 0.894493
9500 0.895427
9505 0.896361
9510 0.897297
9515 0.898239
9520 0.899183
9525 0.900122
9530 0.901062
9535 0.901988
9540 0.9029
9545 0.903804
9550 0.904699
9555 0.905586
9560 0.906461
9565 0.907337
9570 0.908197
9575 0.909038
9580 0.909862
9585 0.910674
9590 0.911461
9595 0.912228
9600 0.912969
9605 0.913699
9610 0.914406
9615 0.915098
9620 0.91577
9625 0.916421
9630 0.917051
9635 0.917639
9640 0.918202
9645 0.918733
9650 0.919231
9655 0.919699
9660 0.920134
9665 0.920549
9670 0.920932
9675 0.921294
9680 0.92163
9685 0.921934
9690 0.922215
9695 0.92247
9700 0.922694
9705 0.922883
9710 0.923051
9715 0.923194
9720 0.9233
9725 0.923369
9730 0.923407
9735 0.923417
9740 0.923393
9745 0.923342
9750 0.923261
9755 0.923164
9760 0.923035
9765 0.922881
9770 0.922703
9775 0.922505
9780 0.922289
9785 0.922047
9790 0.921773
9795 0.921477
9800 0.921156
9805 0.920825
9810 0.920464
9815 0.920093
9820 0.919711
9825 0.919315
9830 0.918896
9835 0.918458
9840 0.918014
9845 0.917559
9850 0.917092
9855 0.916614
9860 0.916133
9865 0.915646
9870 0.915148
9875 0.914636
9880 0.914123
9885 0.913617
9890 0.913098
9895 0.912574
9900 0.912057
9905 0.911543
9910 0.911032
9915 0.910517
9920 0.910015
9925 0.909519
9930 0.90902
9935 0.908526
9940 0.908037
9945 0.90756
9950 0.907084
9955 0.906614
9960 0.906147
9965 0.905697
9970 0.905253
9975 0.904818
9980 0.904397
9985 0.903997
9990 0.903616
9995 0.903248
10000 0.90289
10005 0.902547
10010 0.902224
10015 0.90191
10020 0.901615
10025 0.901332
10030 0.901071
10035 0.90083
10040 0.900604
10045 0.900391
10050 0.900197
10055 0.900024
10060 0.899866
10065 0.899719
10070 0.899582
10075 0.899478
10080 0.899387
10085 0.899309
10090 0.899255
10095 0.899224
10100 0.899216
10105 0.899223
10110 0.899251
10115 0.899305
10120 0.899371
10125 0.899455
10130 0.899557
10135 0.899675
10140 0.899818
10145 0.899983
10150 0.900165
10155 0.900374
10160 0.900595
10165 0.900829
10170 0.901088
10175 0.901356
10180 0.901637
10185 0.901936
10190 0.90225
10195 0.902589
10200 0.902942
10205 0.903307
10210 0.903692
10215 0.904096
10220 0.904502
10225 0.904927
10230 0.905378
10235 0.905849
10240 0.90634
10245 0.90684
10250 0.907354
10255 0.907876
10260 0.908397
10265 0.908931
10270 0.909468
10275 0.91001
10280 0.910555
10285 0.911112
10290 0.911681
10295 0.912248
10300 0.912823
10305 0.913405
10310 0.914
10315 0.914602
10320 0.915201
10325 0.915808
10330 0.916426
10335 0.917044
10340 0.917664
10345 0.918283
10350 0.918898
10355 0.919518
10360 0.920129
10365 0.920752
10370 0.921368
10375 0.921981
10380 0.922595
10385 0.923209
10390 0.923824
10395 0.924428
10400 0.92502
10405 0.925619
10410 0.926215
10415 0.926805
10420 0.927388
10425 0.927964
10430 0.928527
10435 0.929077
10440 0.929616
10445 0.930162
10450 0.930697
10455 0.931224
10460 0.931742
10465 0.932253
10470 0.932762
10475 0.933255
10480 0.933734
10485 0.934203
10490 0.934654
10495 0.935104
10500 0.935537
10505 0.935962
10510 0.936374
10515 0.936782
10520 0.937187
10525 0.937572
10530 0.937945
10535 0.938301
10540 0.938645
10545 0.938971
10550 0.939283
10555 0.93958
10560 0.939864
10565 0.94014
10570 0.940409
10575 0.940666
10580 0.940898
10585 0.941113
10590 0.941325
10595 0.941521
10600 0.941703
10605 0.941873
10610 0.942029
10615 0.942182
10620 0.942321
10625 0.942443
10630 0.942556
10635 0.942647
10640 0.942732
10645 0.9428
10650 0.942855
10655 0.942903
10660 0.942933
10665 0.942952
10670 0.942966
10675 0.942971
10680 0.942969
10685 0.942936
10690 0.942884
10695 0.94283
10700 0.942762
10705 0.942685
10710 0.942598
10715 0.942507
10720 0.942406
10725 0.9423
10730 0.942187
10735 0.942064
10740 0.941924
10745 0.941774
10750 0.941615
10755 0.941459
10760 0.941289
10765 0.941109
10770 0.940932
10775 0.940749
10780 0.940567
10785 0.940378
10790 0.940182
10795 0.939986
10800 0.939781
10805 0.939565
10810 0.939342
10815 0.939114
10820 0.93889
10825 0.938663
10830 0.938432
10835 0.938195
10840 0.937962
10845 0.937739
10850 0.93751
10855 0.937274
10860 0.937026
10865 0.936778
10870 0.936533
10875 0.936283
10880 0.93604
10885 0.9358
10890 0.935565
10895 0.93534
10900 0.935119
10905 0.934894
10910 0.934662
10915 0.934421
10920 0.934188
10925 0.933947
10930 0.933712
10935 0.933491
10940 0.933285
10945 0.933082
10950 0.932882
10955 0.930773
10960 0.863082
10965 0.727423
10970 0.589763
10975 0.451875
10980 0.313898
10985 0.176709
10990 0.0406964
10995 0
