@MEASUREMENT_RADIUS 14 cm
# lambda : Angstroms 
# tr : transmission ([0,1]) 
# end
7845 8.62011e-07
7850 0.000224936
7855 0.000743636
7860 0.00146815
7865 0.00224326
7870 0.00306242
7875 0.00376645
7880 0.00404475
7885 0.00431764
7890 0.0046104
7895 0.00492692
7900 0.00526903
7905 0.00563683
7910 0.00603485
7915 0.00646784
7920 0.00693613
7925 0.00744598
7930 0.00800402
7935 0.00860839
7940 0.00926371
7945 0.00997649
7950 0.0107471
7955 0.0115846
7960 0.0126251
7965 0.0140613
7970 0.0159156
7975 0.0179738
7980 0.0201938
7985 0.0225283
7990 0.0246055
7995 0.0266184
8000 0.0288339
8005 0.0312911
8010 0.0340004
8015 0.0369567
8020 0.0401724
8025 0.0436917
8030 0.0475779
8035 0.0519016
8040 0.0566864
8045 0.0619351
8050 0.0676773
8055 0.073966
8060 0.0809376
8065 0.0887484
8070 0.097449
8075 0.10704
8080 0.117483
8085 0.128761
8090 0.141025
8095 0.154502
8100 0.169291
8105 0.185372
8110 0.202721
8115 0.221219
8120 0.240861
8125 0.261903
8130 0.284509
8135 0.30859
8140 0.333906
8145 0.360291
8150 0.387557
8155 0.415747
8160 0.444937
8165 0.474982
8170 0.505586
8175 0.536266
8180 0.566636
8185 0.596608
8190 0.626228
8195 0.655386
8200 0.683666
8205 0.710714
8210 0.736171
8215 0.759768
8220 0.781683
8225 0.802079
8230 0.820858
8235 0.837812
8240 0.852854
8245 0.865877
8250 0.876948
8255 0.886307
8260 0.894128
8265 0.900497
8270 0.905465
8275 0.909107
8280 0.911618
8285 0.913214
8290 0.914052
8295 0.914292
8300 0.914056
8305 0.913444
8310 0.91256
8315 0.911512
8320 0.910387
8325 0.909242
8330 0.908133
8335 0.907131
8340 0.906285
8345 0.905602
8350 0.905089
8355 0.904778
8360 0.904663
8365 0.90474
8370 0.905021
8375 0.905508
8380 0.906193
8385 0.907051
8390 0.908075
8395 0.909242
8400 0.910539
8405 0.911963
8410 0.91349
8415 0.91512
8420 0.916822
8425 0.918549
8430 0.920282
8435 0.922003
8440 0.923723
8445 0.925432
8450 0.927113
8455 0.928757
8460 0.930319
8465 0.931788
8470 0.933153
8475 0.934413
8480 0.935582
8485 0.936644
8490 0.937577
8495 0.938368
8500 0.939021
8505 0.939535
8510 0.939909
8515 0.940145
8520 0.940242
8525 0.940195
8530 0.940003
8535 0.939672
8540 0.939222
8545 0.938649
8550 0.937974
8555 0.937214
8560 0.936359
8565 0.935417
8570 0.934393
8575 0.933284
8580 0.932112
8585 0.930884
8590 0.929627
8595 0.928324
8600 0.926979
8605 0.925604
8610 0.924212
8615 0.922828
8620 0.921451
8625 0.92009
8630 0.918737
8635 0.917389
8640 0.916046
8645 0.914713
8650 0.913428
8655 0.912202
8660 0.911025
8665 0.909888
8670 0.908796
8675 0.90775
8680 0.906759
8685 0.905839
8690 0.904987
8695 0.904191
8700 0.903457
8705 0.902779
8710 0.902166
8715 0.901632
8720 0.901162
8725 0.900764
8730 0.900428
8735 0.900156
8740 0.899935
8745 0.899756
8750 0.899646
8755 0.89959
8760 0.899576
8765 0.899615
8770 0.899699
8775 0.899827
8780 0.899995
8785 0.900191
8790 0.900431
8795 0.900704
8800 0.901013
8805 0.901347
8810 0.901706
8815 0.902087
8820 0.902478
8825 0.90288
8830 0.903296
8835 0.903715
8840 0.90413
8845 0.90454
8850 0.904948
8855 0.905348
8860 0.905735
8865 0.906111
8870 0.906473
8875 0.906811
8880 0.907125
8885 0.90742
8890 0.907685
8895 0.907923
8900 0.908122
8905 0.908284
8910 0.908417
8915 0.908516
8920 0.908565
8925 0.90857
8930 0.908536
8935 0.90845
8940 0.908305
8945 0.908118
8950 0.907878
8955 0.9076
8960 0.907273
8965 0.906909
8970 0.906516
8975 0.906069
8980 0.905572
8985 0.905029
8990 0.90443
8995 0.903791
9000 0.903114
9005 0.902408
9010 0.901666
9015 0.900886
9020 0.900066
9025 0.899219
9030 0.898346
9035 0.897443
9040 0.896515
9045 0.895569
9050 0.894598
9055 0.893605
9060 0.892597
9065 0.891584
9070 0.890562
9075 0.889528
9080 0.888488
9085 0.887444
9090 0.8864
9095 0.885369
9100 0.884346
9105 0.883327
9110 0.882308
9115 0.881287
9120 0.880282
9125 0.879296
9130 0.878321
9135 0.877365
9140 0.876434
9145 0.875523
9150 0.874632
9155 0.873769
9160 0.872936
9165 0.872135
9170 0.871361
9175 0.870619
9180 0.869912
9185 0.869246
9190 0.868611
9195 0.868021
9200 0.867462
9205 0.86694
9210 0.866455
9215 0.866007
9220 0.865606
9225 0.865252
9230 0.864939
9235 0.864661
9240 0.864425
9245 0.864234
9250 0.86408
9255 0.863975
9260 0.863921
9265 0.863915
9270 0.863951
9275 0.864029
9280 0.864151
9285 0.86432
9290 0.864531
9295 0.864784
9300 0.865079
9305 0.865419
9310 0.865795
9315 0.866201
9320 0.866642
9325 0.867128
9330 0.867657
9335 0.868221
9340 0.868825
9345 0.869481
9350 0.870164
9355 0.870878
9360 0.871627
9365 0.872414
9370 0.873229
9375 0.87406
9380 0.874919
9385 0.875811
9390 0.876726
9395 0.877663
9400 0.878626
9405 0.87961
9410 0.880603
9415 0.881601
9420 0.882614
9425 0.883644
9430 0.884681
9435 0.885718
9440 0.886763
9445 0.887814
9450 0.888868
9455 0.889932
9460 0.891004
9465 0.892074
9470 0.893138
9475 0.894196
9480 0.895245
9485 0.89628
9490 0.897313
9495 0.898341
9500 0.899357
9505 0.900352
9510 0.901333
9515 0.902296
9520 0.903243
9525 0.904179
9530 0.905091
9535 0.905974
9540 0.90683
9545 0.907664
9550 0.908471
9555 0.90926
9560 0.910019
9565 0.910762
9570 0.911466
9575 0.912137
9580 0.912772
9585 0.913388
9590 0.913977
9595 0.914529
9600 0.915051
9605 0.915552
9610 0.916018
9615 0.91645
9620 0.916847
9625 0.917215
9630 0.917546
9635 0.917842
9640 0.918102
9645 0.91833
9650 0.918519
9655 0.918676
9660 0.918794
9665 0.918878
9670 0.918925
9675 0.918945
9680 0.918942
9685 0.918908
9690 0.918841
9695 0.918753
9700 0.918635
9705 0.918477
9710 0.91829
9715 0.918084
9720 0.917851
9725 0.917589
9730 0.917294
9735 0.916978
9740 0.916636
9745 0.91627
9750 0.915883
9755 0.915478
9760 0.915053
9765 0.914607
9770 0.914141
9775 0.913659
9780 0.913158
9785 0.912644
9790 0.912116
9795 0.911582
9800 0.911037
9805 0.910483
9810 0.909925
9815 0.909363
9820 0.908789
9825 0.908208
9830 0.907625
9835 0.907028
9840 0.906429
9845 0.905828
9850 0.905235
9855 0.904647
9860 0.904064
9865 0.90348
9870 0.902902
9875 0.902325
9880 0.901753
9885 0.901194
9890 0.900647
9895 0.900106
9900 0.899579
9905 0.899066
9910 0.898557
9915 0.898063
9920 0.89759
9925 0.897133
9930 0.896687
9935 0.896258
9940 0.895838
9945 0.895438
9950 0.895053
9955 0.894682
9960 0.894329
9965 0.893996
9970 0.893684
9975 0.893388
9980 0.893114
9985 0.892858
9990 0.892622
9995 0.892404
10000 0.892202
10005 0.892026
10010 0.891875
10015 0.891746
10020 0.891646
10025 0.891569
10030 0.891508
10035 0.891478
10040 0.891473
10045 0.891483
10050 0.891511
10055 0.891562
10060 0.891633
10065 0.891722
10070 0.891826
10075 0.891948
10080 0.892094
10085 0.892269
10090 0.892468
10095 0.892682
10100 0.892916
10105 0.893175
10110 0.893457
10115 0.893755
10120 0.89407
10125 0.89441
10130 0.894767
10135 0.895144
10140 0.895539
10145 0.895953
10150 0.896393
10155 0.896856
10160 0.897331
10165 0.897823
10170 0.898336
10175 0.898855
10180 0.899389
10185 0.899934
10190 0.900495
10195 0.901074
10200 0.901667
10205 0.902271
10210 0.902889
10215 0.903522
10220 0.904163
10225 0.904816
10230 0.905489
10235 0.90618
10240 0.906878
10245 0.907582
10250 0.9083
10255 0.90902
10260 0.90973
10265 0.910441
10270 0.91115
10275 0.91186
10280 0.912575
10285 0.913297
10290 0.914023
10295 0.914748
10300 0.915469
10305 0.916188
10310 0.91691
10315 0.917632
10320 0.918353
10325 0.91907
10330 0.919791
10335 0.92051
10340 0.921221
10345 0.921927
10350 0.922628
10355 0.923328
10360 0.924018
10365 0.9247
10370 0.925377
10375 0.926043
10380 0.926699
10385 0.927352
10390 0.927996
10395 0.928621
10400 0.929232
10405 0.92984
10410 0.930439
10415 0.931025
10420 0.931597
10425 0.932151
10430 0.932687
10435 0.933206
10440 0.933717
10445 0.934227
10450 0.93473
10455 0.93521
10460 0.935674
10465 0.936131
10470 0.936582
10475 0.937012
10480 0.937412
10485 0.937797
10490 0.938169
10495 0.938521
10500 0.938854
10505 0.939178
10510 0.939491
10515 0.939794
10520 0.940083
10525 0.940361
10530 0.940625
10535 0.940872
10540 0.941099
10545 0.941302
10550 0.941483
10555 0.941641
10560 0.941787
10565 0.941911
10570 0.942034
10575 0.942147
10580 0.942242
10585 0.942324
10590 0.942394
10595 0.942459
10600 0.942494
10605 0.942514
10610 0.942524
10615 0.942525
10620 0.942511
10625 0.94248
10630 0.942439
10635 0.942381
10640 0.942307
10645 0.942216
10650 0.942116
10655 0.942001
10660 0.941876
10665 0.94174
10670 0.941597
10675 0.941453
10680 0.941299
10685 0.941131
10690 0.940946
10695 0.940754
10700 0.94055
10705 0.940333
10710 0.940108
10715 0.939869
10720 0.939634
10725 0.939395
10730 0.939146
10735 0.93889
10740 0.938627
10745 0.938361
10750 0.938086
10755 0.937807
10760 0.93752
10765 0.93723
10770 0.93694
10775 0.936649
10780 0.936357
10785 0.936066
10790 0.935777
10795 0.935491
10800 0.935202
10805 0.934906
10810 0.934609
10815 0.934314
10820 0.934021
10825 0.933726
10830 0.933428
10835 0.933128
10840 0.932831
10845 0.932541
10850 0.932252
10855 0.931964
10860 0.93167
10865 0.931375
10870 0.931089
10875 0.930805
10880 0.93052
10885 0.930242
10890 0.929974
10895 0.929718
10900 0.929466
10905 0.929219
10910 0.928973
10915 0.928726
10920 0.928474
10925 0.92823
10930 0.927998
10935 0.927779
10940 0.927566
10945 0.927366
10950 0.927173
10955 0.900977
10960 0.834091
10965 0.722752
10970 0.584804
10975 0.448141
10980 0.311758
10985 0.176153
10990 0.0497503
10995 0
