@MEASUREMENT_RADIUS 21 cm
# lambda : Angstroms 
# tr : transmission ([0,1]) 
# end
7885 6.82638e-05
7890 0.000332902
7895 0.000780279
7900 0.00146939
7905 0.00221939
7910 0.0030096
7915 0.00363925
7920 0.00392181
7925 0.00416506
7930 0.00442977
7935 0.00471681
7940 0.00502582
7945 0.00536006
7950 0.00571847
7955 0.00611307
7960 0.00661662
7965 0.00723701
7970 0.00800114
7975 0.00887365
7980 0.00980994
7985 0.0107741
7990 0.0116513
7995 0.0124955
8000 0.0134157
8005 0.0144282
8010 0.0155366
8015 0.0167439
8020 0.0180553
8025 0.0194831
8030 0.0210523
8035 0.0227911
8040 0.0247144
8045 0.0268228
8050 0.0291281
8055 0.0316605
8060 0.0344616
8065 0.0375863
8070 0.0410705
8075 0.044925
8080 0.0491576
8085 0.0537873
8090 0.0588864
8095 0.0645506
8100 0.070862
8105 0.0778678
8110 0.0855901
8115 0.0940626
8120 0.10339
8125 0.113702
8130 0.125155
8135 0.137818
8140 0.151724
8145 0.166867
8150 0.183281
8155 0.201128
8160 0.220596
8165 0.241767
8170 0.264512
8175 0.288648
8180 0.314166
8185 0.341027
8190 0.369266
8195 0.398907
8200 0.429721
8205 0.461429
8210 0.493497
8215 0.525658
8220 0.557908
8225 0.590266
8230 0.622407
8235 0.653775
8240 0.683981
8245 0.712711
8250 0.739755
8255 0.76505
8260 0.788566
8265 0.810131
8270 0.829422
8275 0.846315
8280 0.860825
8285 0.873126
8290 0.883381
8295 0.891641
8300 0.898004
8305 0.902613
8310 0.905636
8315 0.907294
8320 0.907824
8325 0.907442
8330 0.906323
8335 0.904635
8340 0.902544
8345 0.900191
8350 0.897686
8355 0.895144
8360 0.892658
8365 0.8903
8370 0.888148
8375 0.886264
8380 0.884669
8385 0.883352
8390 0.882344
8395 0.881667
8400 0.881321
8405 0.881319
8410 0.881648
8415 0.882299
8420 0.883247
8425 0.884455
8430 0.885915
8435 0.887605
8440 0.889508
8445 0.891608
8450 0.893885
8455 0.896309
8460 0.898833
8465 0.901419
8470 0.904062
8475 0.906763
8480 0.909511
8485 0.912271
8490 0.914992
8495 0.917639
8500 0.920187
8505 0.922628
8510 0.92497
8515 0.927195
8520 0.929282
8525 0.931203
8530 0.932926
8535 0.934455
8540 0.935807
8545 0.936974
8550 0.937946
8555 0.938724
8560 0.939303
8565 0.939684
8570 0.939872
8575 0.939872
8580 0.939694
8585 0.939338
8590 0.938813
8595 0.938127
8600 0.937286
8605 0.936308
8610 0.935212
8615 0.934002
8620 0.932691
8625 0.931295
8630 0.929803
8635 0.92822
8640 0.926561
8645 0.924839
8650 0.923084
8655 0.921319
8660 0.919542
8665 0.917749
8670 0.915955
8675 0.914164
8680 0.912385
8685 0.910645
8690 0.908942
8695 0.907278
8700 0.905656
8705 0.904077
8710 0.902578
8715 0.901159
8720 0.899817
8725 0.898552
8730 0.897353
8735 0.896225
8740 0.895172
8745 0.894205
8750 0.893336
8755 0.892549
8760 0.891842
8765 0.891219
8770 0.890682
8775 0.890233
8780 0.889868
8785 0.889591
8790 0.889407
8795 0.889303
8800 0.889267
8805 0.889308
8810 0.889427
8815 0.889616
8820 0.88987
8825 0.890191
8830 0.890577
8835 0.891022
8840 0.891519
8845 0.892059
8850 0.892638
8855 0.893258
8860 0.893916
8865 0.894603
8870 0.895315
8875 0.896054
8880 0.896808
8885 0.897578
8890 0.898359
8895 0.899137
8900 0.899912
8905 0.900677
8910 0.901429
8915 0.90217
8920 0.902895
8925 0.903604
8930 0.904281
8935 0.904909
8940 0.905492
8945 0.90603
8950 0.906524
8955 0.906977
8960 0.907375
8965 0.907721
8970 0.908009
8975 0.908235
8980 0.908398
8985 0.908494
8990 0.908523
8995 0.908488
9000 0.908385
9005 0.908213
9010 0.907966
9015 0.907646
9020 0.90726
9025 0.906798
9030 0.90626
9035 0.905657
9040 0.904989
9045 0.90426
9050 0.903469
9055 0.902613
9060 0.9017
9065 0.900733
9070 0.899706
9075 0.898624
9080 0.897494
9085 0.896309
9090 0.895077
9095 0.893809
9100 0.892507
9105 0.891168
9110 0.88979
9115 0.888372
9120 0.886924
9125 0.885457
9130 0.883984
9135 0.882501
9140 0.881001
9145 0.879484
9150 0.877956
9155 0.876429
9160 0.874901
9165 0.873379
9170 0.871861
9175 0.870344
9180 0.868836
9185 0.867344
9190 0.865881
9195 0.864444
9200 0.863032
9205 0.861639
9210 0.860265
9215 0.85892
9220 0.857617
9225 0.856357
9230 0.855135
9235 0.853943
9240 0.852785
9245 0.851667
9250 0.850589
9255 0.849564
9260 0.848595
9265 0.847678
9270 0.846801
9275 0.845963
9280 0.84517
9285 0.844434
9290 0.843758
9295 0.843141
9300 0.842581
9305 0.842082
9310 0.841641
9315 0.841257
9320 0.840926
9325 0.840652
9330 0.840435
9335 0.840274
9340 0.840175
9345 0.840138
9350 0.840158
9355 0.840238
9360 0.84038
9365 0.840577
9370 0.84083
9375 0.841143
9380 0.841518
9385 0.841948
9390 0.84243
9395 0.842965
9400 0.843552
9405 0.844195
9410 0.844885
9415 0.845618
9420 0.846402
9425 0.847231
9430 0.848096
9435 0.849004
9440 0.84995
9445 0.85093
9450 0.851946
9455 0.852995
9460 0.854085
9465 0.855211
9470 0.856367
9475 0.85755
9480 0.858758
9485 0.859989
9490 0.861249
9495 0.862532
9500 0.863833
9505 0.865148
9510 0.866472
9515 0.867807
9520 0.86916
9525 0.870527
9530 0.871897
9535 0.873267
9540 0.874638
9545 0.876011
9550 0.877382
9555 0.878749
9560 0.880115
9565 0.881473
9570 0.882816
9575 0.88414
9580 0.885449
9585 0.886755
9590 0.888056
9595 0.889341
9600 0.890604
9605 0.891848
9610 0.89307
9615 0.894265
9620 0.895436
9625 0.896576
9630 0.897683
9635 0.898752
9640 0.899784
9645 0.900786
9650 0.901765
9655 0.902709
9660 0.903611
9665 0.904472
9670 0.905291
9675 0.906072
9680 0.906818
9685 0.907525
9690 0.908192
9695 0.908816
9700 0.909395
9705 0.909925
9710 0.910411
9715 0.910854
9720 0.911254
9725 0.911608
9730 0.911918
9735 0.912183
9740 0.912405
9745 0.912583
9750 0.912714
9755 0.912798
9760 0.912837
9765 0.912832
9770 0.912782
9775 0.912697
9780 0.91257
9785 0.912399
9790 0.912189
9795 0.91194
9800 0.911652
9805 0.911331
9810 0.910977
9815 0.91059
9820 0.910171
9825 0.90972
9830 0.909234
9835 0.908714
9840 0.908164
9845 0.907587
9850 0.906988
9855 0.906368
9860 0.905722
9865 0.905058
9870 0.904377
9875 0.903677
9880 0.902962
9885 0.902237
9890 0.901503
9895 0.900756
9900 0.900001
9905 0.899236
9910 0.898455
9915 0.89767
9920 0.896885
9925 0.896095
9930 0.895301
9935 0.894509
9940 0.893721
9945 0.892938
9950 0.892165
9955 0.891396
9960 0.890632
9965 0.889874
9970 0.889119
9975 0.888369
9980 0.88763
9985 0.886904
9990 0.886194
9995 0.885496
10000 0.884809
10005 0.884138
10010 0.883485
10015 0.882853
10020 0.882245
10025 0.881653
10030 0.881078
10035 0.880526
10040 0.879996
10045 0.879485
10050 0.879
10055 0.878536
10060 0.87809
10065 0.877667
10070 0.877265
10075 0.876886
10080 0.876542
10085 0.876227
10090 0.875934
10095 0.875662
10100 0.875421
10105 0.875209
10110 0.875025
10115 0.874866
10120 0.874727
10125 0.874614
10130 0.874529
10135 0.874473
10140 0.874445
10145 0.874451
10150 0.874488
10155 0.87455
10160 0.874641
10165 0.874758
10170 0.874899
10175 0.875068
10180 0.87526
10185 0.875476
10190 0.875725
10195 0.876003
10200 0.876304
10205 0.876634
10210 0.876991
10215 0.877369
10220 0.877774
10225 0.878208
10230 0.878672
10235 0.879167
10240 0.879692
10245 0.880242
10250 0.880812
10255 0.881405
10260 0.882018
10265 0.882638
10270 0.883269
10275 0.88392
10280 0.884591
10285 0.885277
10290 0.885978
10295 0.886691
10300 0.887417
10305 0.888163
10310 0.888932
10315 0.889715
10320 0.890512
10325 0.891324
10330 0.892148
10335 0.892978
10340 0.893813
10345 0.894667
10350 0.895537
10355 0.896412
10360 0.897289
10365 0.898167
10370 0.899051
10375 0.899946
10380 0.900851
10385 0.901764
10390 0.902676
10395 0.903583
10400 0.904487
10405 0.905397
10410 0.906311
10415 0.907222
10420 0.908126
10425 0.909021
10430 0.909908
10435 0.910791
10440 0.911674
10445 0.912555
10450 0.913434
10455 0.914307
10460 0.915166
10465 0.91602
10470 0.916876
10475 0.91772
10480 0.918542
10485 0.919355
10490 0.920154
10495 0.920939
10500 0.921721
10505 0.922499
10510 0.923264
10515 0.924016
10520 0.924754
10525 0.925473
10530 0.926178
10535 0.926872
10540 0.927549
10545 0.928206
10550 0.928845
10555 0.929467
10560 0.93007
10565 0.930654
10570 0.931223
10575 0.931777
10580 0.93231
10585 0.932818
10590 0.933309
10595 0.933782
10600 0.934234
10605 0.934669
10610 0.935089
10615 0.935486
10620 0.935855
10625 0.936207
10630 0.936546
10635 0.936861
10640 0.937155
10645 0.937434
10650 0.93769
10655 0.937924
10660 0.938147
10665 0.938354
10670 0.938532
10675 0.938682
10680 0.938809
10685 0.938913
10690 0.938996
10695 0.939059
10700 0.939102
10705 0.939129
10710 0.939139
10715 0.939133
10720 0.93911
10725 0.939071
10730 0.939014
10735 0.938934
10740 0.938834
10745 0.938719
10750 0.938589
10755 0.938443
10760 0.938282
10765 0.938104
10770 0.937911
10775 0.937708
10780 0.937497
10785 0.937274
10790 0.93704
10795 0.936797
10800 0.93654
10805 0.936268
10810 0.935984
10815 0.935692
10820 0.935387
10825 0.93507
10830 0.934744
10835 0.934415
10840 0.934079
10845 0.933735
10850 0.933386
10855 0.933029
10860 0.932662
10865 0.932291
10870 0.931919
10875 0.931545
10880 0.931163
10885 0.930776
10890 0.930393
10895 0.930016
10900 0.929633
10905 0.92924
10910 0.928842
10915 0.928439
10920 0.928031
10925 0.927628
10930 0.927235
10935 0.926842
10940 0.926452
10945 0.926069
10950 0.915662
10955 0.871934
10960 0.805303
10965 0.71327
10970 0.583691
10975 0.446898
10980 0.310411
10985 0.175231
10990 0.0617835
10995 0.00087706
