3480.0	1.121E-04
3490.0	1.508E-04
3500.0	1.583E-04
3510.0	1.927E-04
3520.0	2.265E-04
3530.0	2.336E-04
3540.0	2.165E-04
3550.0	2.300E-04
3560.0	2.783E-04
3570.0	3.291E-04
3580.0	3.812E-04
3590.0	4.237E-04
3600.0	4.536E-04
3610.0	4.996E-04
3620.0	5.490E-04
3630.0	6.071E-04
3640.0	6.789E-04
3650.0	7.407E-04
3660.0	7.886E-04
3670.0	8.320E-04
3680.0	8.641E-04
3690.0	8.897E-04
3700.0	9.077E-04
3710.0	9.264E-04
3720.0	9.365E-04
3730.0	9.370E-04
3740.0	9.395E-04
3750.0	1.000E-03
3760.0	9.914E-04
3770.0	9.873E-04
3780.0	9.737E-04
3790.0	9.516E-04
3800.0	9.258E-04
3810.0	9.035E-04
3820.0	8.730E-04
3830.0	8.389E-04
3840.0	8.059E-04
3850.0	7.770E-04
3860.0	7.384E-04
3870.0	7.001E-04
3880.0	6.615E-04
3890.0	6.169E-04
3900.0	5.831E-04
3910.0	5.563E-04
3920.0	5.361E-04
3930.0	5.005E-04
3940.0	4.508E-04
3950.0	3.983E-04
3960.0	3.697E-04
3970.0	3.790E-04
3980.0	4.003E-04
3990.0	4.145E-04
4000.0	3.953E-04
4010.0	3.424E-04
4020.0	2.973E-04
4030.0	2.853E-04
4040.0	3.305E-04
4050.0	3.981E-04
4060.0	4.674E-04
4070.0	5.121E-04
4080.0	5.376E-04
4090.0	5.777E-04
4100.0	6.905E-04
4110.0	9.656E-04
4120.0	1.441E-03
4130.0	2.082E-03
4140.0	2.756E-03
4150.0	3.377E-03
4160.0	3.994E-03
4170.0	4.842E-03
4180.0	6.326E-03
4190.0	8.848E-03
4200.0	1.278E-02
4210.0	1.821E-02
4220.0	2.507E-02
4230.0	3.332E-02
4240.0	4.333E-02
4250.0	5.630E-02
4260.0	7.321E-02
4270.0	9.461E-02
4280.0	1.205E-01
4290.0	1.501E-01
4300.0	1.815E-01
4310.0	2.125E-01
4320.0	2.417E-01
4330.0	2.704E-01
4340.0	2.988E-01
4350.0	3.282E-01
4360.0	3.559E-01
4370.0	3.811E-01
4380.0	4.020E-01
4390.0	4.173E-01
4400.0	4.278E-01
4410.0	4.360E-01
4420.0	4.409E-01
4430.0	4.450E-01
4440.0	4.487E-01
4450.0	4.519E-01
4460.0	4.553E-01
4470.0	4.585E-01
4480.0	4.617E-01
4490.0	4.638E-01
4500.0	4.648E-01
4510.0	4.656E-01
4520.0	4.669E-01
4530.0	4.685E-01
4540.0	4.725E-01
4550.0	4.777E-01
4560.0	4.843E-01
4570.0	4.912E-01
4580.0	4.966E-01
4590.0	5.002E-01
4600.0	5.023E-01
4610.0	5.023E-01
4620.0	5.015E-01
4630.0	5.010E-01
4640.0	5.021E-01
4650.0	5.042E-01
4660.0	5.087E-01
4670.0	5.149E-01
4680.0	5.217E-01
4690.0	5.284E-01
4700.0	5.335E-01
4710.0	5.362E-01
4720.0	5.376E-01
4730.0	5.375E-01
4740.0	5.365E-01
4750.0	5.360E-01
4760.0	5.375E-01
4770.0	5.403E-01
4780.0	5.456E-01
4790.0	5.522E-01
4800.0	5.584E-01
4810.0	5.652E-01
4820.0	5.696E-01
4830.0	5.729E-01
4840.0	5.765E-01
4850.0	5.786E-01
4860.0	5.811E-01
4870.0	5.837E-01
4880.0	5.876E-01
4890.0	5.918E-01
4900.0	5.964E-01
4910.0	6.012E-01
4920.0	6.052E-01
4930.0	6.076E-01
4940.0	6.095E-01
4950.0	6.103E-01
4960.0	6.110E-01
4970.0	6.120E-01
4980.0	6.143E-01
4990.0	6.183E-01
5000.0	6.239E-01
5010.0	6.290E-01
5020.0	6.341E-01
5030.0	6.393E-01
5040.0	6.431E-01
5050.0	6.455E-01
5060.0	6.450E-01
5070.0	6.435E-01
5080.0	6.409E-01
5090.0	6.371E-01
5100.0	6.340E-01
5110.0	6.317E-01
5120.0	6.314E-01
5130.0	6.324E-01
5140.0	6.354E-01
5150.0	6.392E-01
5160.0	6.431E-01
5170.0	6.473E-01
5180.0	6.510E-01
5190.0	6.540E-01
5200.0	6.556E-01
5210.0	6.567E-01
5220.0	6.580E-01
5230.0	6.594E-01
5240.0	6.608E-01
5250.0	6.629E-01
5260.0	6.652E-01
5270.0	6.672E-01
5280.0	6.695E-01
5290.0	6.710E-01
5300.0	6.720E-01
5310.0	6.719E-01
5320.0	6.708E-01
5330.0	6.697E-01
5340.0	6.680E-01
5350.0	6.665E-01
5360.0	6.663E-01
5370.0	6.672E-01
5380.0	6.692E-01
5390.0	6.722E-01
5400.0	6.760E-01
5410.0	6.800E-01
5420.0	6.833E-01
5430.0	6.858E-01
5440.0	6.875E-01
5450.0	6.875E-01
5460.0	6.868E-01
5470.0	6.855E-01
5480.0	6.834E-01
5490.0	6.819E-01
5500.0	6.809E-01
5510.0	6.810E-01
5520.0	6.832E-01
5530.0	6.865E-01
5540.0	6.897E-01
5550.0	6.928E-01
5560.0	6.972E-01
5570.0	7.006E-01
5580.0	7.023E-01
5590.0	7.033E-01
5600.0	7.035E-01
5610.0	7.033E-01
5620.0	7.021E-01
5630.0	7.006E-01
5640.0	6.997E-01
5650.0	6.998E-01
5660.0	7.000E-01
5670.0	7.022E-01
5680.0	7.049E-01
5690.0	7.072E-01
5700.0	7.101E-01
5710.0	7.128E-01
5720.0	7.150E-01
5730.0	7.157E-01
5740.0	7.153E-01
5750.0	7.145E-01
5760.0	7.130E-01
5770.0	7.115E-01
5780.0	7.094E-01
5790.0	7.076E-01
5800.0	7.069E-01
5810.0	7.071E-01
5820.0	7.087E-01
5830.0	7.112E-01
5840.0	7.145E-01
5850.0	7.177E-01
5860.0	7.208E-01
5870.0	7.230E-01
5880.0	7.244E-01
5890.0	7.250E-01
5900.0	7.242E-01
5910.0	7.220E-01
5920.0	7.189E-01
5930.0	7.159E-01
5940.0	7.131E-01
5950.0	7.106E-01
5960.0	7.088E-01
5970.0	7.081E-01
5980.0	7.084E-01
5990.0	7.102E-01
6000.0	7.135E-01
6010.0	7.155E-01
6020.0	7.170E-01
6030.0	7.188E-01
6040.0	7.208E-01
6050.0	7.214E-01
6060.0	7.208E-01
6070.0	7.185E-01
6080.0	7.148E-01
6090.0	7.106E-01
6100.0	7.058E-01
6110.0	7.003E-01
6120.0	6.954E-01
6130.0	6.904E-01
6140.0	6.860E-01
6150.0	6.836E-01
6160.0	6.815E-01
6170.0	6.814E-01
6180.0	6.812E-01
6190.0	6.833E-01
6200.0	6.855E-01
6210.0	6.883E-01
6220.0	6.910E-01
6230.0	6.936E-01
6240.0	6.950E-01
6250.0	6.964E-01
6260.0	6.967E-01
6270.0	6.954E-01
6280.0	6.932E-01
6290.0	6.904E-01
6300.0	6.870E-01
6310.0	6.830E-01
6320.0	6.798E-01
6330.0	6.766E-01
6340.0	6.729E-01
6350.0	6.708E-01
6360.0	6.686E-01
6370.0	6.673E-01
6380.0	6.672E-01
6390.0	6.671E-01
6400.0	6.679E-01
6410.0	6.691E-01
6420.0	6.703E-01
6430.0	6.714E-01
6440.0	6.727E-01
6450.0	6.730E-01
6460.0	6.740E-01
6470.0	6.735E-01
6480.0	6.727E-01
6490.0	6.711E-01
6500.0	6.701E-01
6510.0	6.683E-01
6520.0	6.674E-01
6530.0	6.656E-01
6540.0	6.638E-01
6550.0	6.622E-01
6560.0	6.608E-01
6570.0	6.588E-01
6580.0	6.584E-01
6590.0	6.579E-01
6600.0	6.568E-01
6610.0	6.566E-01
6620.0	6.560E-01
6630.0	6.558E-01
6640.0	6.554E-01
6650.0	6.556E-01
6660.0	6.549E-01
6670.0	6.559E-01
6680.0	6.543E-01
6690.0	6.539E-01
6700.0	6.531E-01
6710.0	6.529E-01
6720.0	6.519E-01
6730.0	6.511E-01
6740.0	6.503E-01
6750.0	6.491E-01
6760.0	6.468E-01
6770.0	6.465E-01
6780.0	6.450E-01
6790.0	6.444E-01
6800.0	6.420E-01
6810.0	6.407E-01
6820.0	6.400E-01
6830.0	6.373E-01
6840.0	6.355E-01
6850.0	6.335E-01
6860.0	6.318E-01
6870.0	6.296E-01
6880.0	6.276E-01
6890.0	6.254E-01
6900.0	6.242E-01
6910.0	6.229E-01
6920.0	6.210E-01
6930.0	6.197E-01
6940.0	6.185E-01
6950.0	6.172E-01
6960.0	6.172E-01
6970.0	6.163E-01
6980.0	6.157E-01
6990.0	6.165E-01
7000.0	6.159E-01
7010.0	6.150E-01
7020.0	6.135E-01
7030.0	6.129E-01
7040.0	6.110E-01
7050.0	6.104E-01
7060.0	6.093E-01
7070.0	6.070E-01
7080.0	6.065E-01
7090.0	6.039E-01
7100.0	6.025E-01
7110.0	6.002E-01
7120.0	5.968E-01
7130.0	5.959E-01
7140.0	5.933E-01
7150.0	5.907E-01
7160.0	5.889E-01
7170.0	5.860E-01
7180.0	5.840E-01
7190.0	5.820E-01
7200.0	5.814E-01
7210.0	5.784E-01
7220.0	5.771E-01
7230.0	5.762E-01
7240.0	5.748E-01
7250.0	5.740E-01
7260.0	5.725E-01
7270.0	5.708E-01
7280.0	5.706E-01
7290.0	5.689E-01
7300.0	5.670E-01
7310.0	5.666E-01
7320.0	5.645E-01
7330.0	5.638E-01
7340.0	5.642E-01
7350.0	5.613E-01
7360.0	5.603E-01
7370.0	5.595E-01
7380.0	5.592E-01
7390.0	5.582E-01
7400.0	5.562E-01
7410.0	5.549E-01
7420.0	5.532E-01
7430.0	5.523E-01
7440.0	5.502E-01
7450.0	5.486E-01
7460.0	5.471E-01
7470.0	5.460E-01
7480.0	5.439E-01
7490.0	5.428E-01
7500.0	5.412E-01
7510.0	5.383E-01
7520.0	5.370E-01
7530.0	5.359E-01
7540.0	5.334E-01
7550.0	5.321E-01
7560.0	5.311E-01
7570.0	5.284E-01
7580.0	5.266E-01
7590.0	5.247E-01
7600.0	5.228E-01
7610.0	5.207E-01
7620.0	5.202E-01
7630.0	5.172E-01
7640.0	5.150E-01
7650.0	5.134E-01
7660.0	5.113E-01
7670.0	5.087E-01
7680.0	5.053E-01
7690.0	5.044E-01
7700.0	5.022E-01
7710.0	5.003E-01
7720.0	4.982E-01
7730.0	4.957E-01
7740.0	4.934E-01
7750.0	4.905E-01
7760.0	4.892E-01
7770.0	4.885E-01
7780.0	4.870E-01
7790.0	4.855E-01
7800.0	4.841E-01
7810.0	4.836E-01
7820.0	4.821E-01
7830.0	4.801E-01
7840.0	4.802E-01
7850.0	4.793E-01
7860.0	4.783E-01
7870.0	4.772E-01
7880.0	4.758E-01
7890.0	4.763E-01
7900.0	4.761E-01
7910.0	4.743E-01
7920.0	4.727E-01
7930.0	4.715E-01
7940.0	4.707E-01
7950.0	4.688E-01
7960.0	4.674E-01
7970.0	4.652E-01
7980.0	4.619E-01
7990.0	4.690E-01
8000.0	4.681E-01
8010.0	4.646E-01
8020.0	4.612E-01
8030.0	4.588E-01
8040.0	4.558E-01
8050.0	4.524E-01
8060.0	4.494E-01
8070.0	4.471E-01
8080.0	4.446E-01
8090.0	4.423E-01
8100.0	4.395E-01
8110.0	4.377E-01
8120.0	4.357E-01
8130.0	4.334E-01
8140.0	4.308E-01
8150.0	4.288E-01
8160.0	4.273E-01
8170.0	4.250E-01
8180.0	4.219E-01
8190.0	4.195E-01
8200.0	4.156E-01
8210.0	4.133E-01
8220.0	4.101E-01
8230.0	4.069E-01
8240.0	4.028E-01
8250.0	4.003E-01
8260.0	3.979E-01
8270.0	3.943E-01
8280.0	3.911E-01
8290.0	3.872E-01
8300.0	3.830E-01
8310.0	3.795E-01
8320.0	3.762E-01
8330.0	3.725E-01
8340.0	3.684E-01
8350.0	3.646E-01
8360.0	3.611E-01
8370.0	3.587E-01
8380.0	3.561E-01
8390.0	3.539E-01
8400.0	3.520E-01
8410.0	3.492E-01
8420.0	3.473E-01
8430.0	3.452E-01
8440.0	3.434E-01
8450.0	3.410E-01
8460.0	3.393E-01
8470.0	3.377E-01
8480.0	3.344E-01
8490.0	3.329E-01
8500.0	3.322E-01
8510.0	3.307E-01
8520.0	3.284E-01
8530.0	3.272E-01
8540.0	3.256E-01
8550.0	3.236E-01
8560.0	3.224E-01
8570.0	3.211E-01
8580.0	3.182E-01
8590.0	3.181E-01
8600.0	3.155E-01
8610.0	3.127E-01
8620.0	3.107E-01
8630.0	3.087E-01
8640.0	3.067E-01
8650.0	3.046E-01
8660.0	3.027E-01
8670.0	3.009E-01
8680.0	2.989E-01
8690.0	2.968E-01
8700.0	2.948E-01
8710.0	2.925E-01
8720.0	2.897E-01
8730.0	2.865E-01
8740.0	2.830E-01
8750.0	2.786E-01
8760.0	2.736E-01
8770.0	2.673E-01
8780.0	2.605E-01
8790.0	2.523E-01
8800.0	2.434E-01
8810.0	2.332E-01
8820.0	2.222E-01
8830.0	2.101E-01
8840.0	1.972E-01
8850.0	1.838E-01
8860.0	1.695E-01
8870.0	1.554E-01
8880.0	1.410E-01
8890.0	1.262E-01
8900.0	1.125E-01
8910.0	9.869E-02
8920.0	8.603E-02
8930.0	7.401E-02
8940.0	6.322E-02
8950.0	5.340E-02
8960.0	4.464E-02
8970.0	3.715E-02
8980.0	3.064E-02
8990.0	2.485E-02
9000.0	2.032E-02
9010.0	1.660E-02
9020.0	1.346E-02
9030.0	1.097E-02
9040.0	8.958E-03
9050.0	7.281E-03
9060.0	5.943E-03
9070.0	4.877E-03
9080.0	3.998E-03
9090.0	3.305E-03
9100.0	2.737E-03
9110.0	2.321E-03
9120.0	1.901E-03
9130.0	1.598E-03
9140.0	1.378E-03
9150.0	1.169E-03
9160.0	1.019E-03
9170.0	8.584E-04
9180.0	7.582E-04
9190.0	6.634E-04
9200.0	5.874E-04
9210.0	5.434E-04
9220.0	4.853E-04
9230.0	4.374E-04
9240.0	4.194E-04
9250.0	3.746E-04
9260.0	3.457E-04
9270.0	3.125E-04
9280.0	3.310E-04
9290.0	3.092E-04
9300.0	2.809E-04
9310.0	2.648E-04
9320.0	2.602E-04
9330.0	2.596E-04
9340.0	2.345E-04
9350.0	2.215E-04
9360.0	2.081E-04
9370.0	1.972E-04
9380.0	2.261E-04
9390.0	2.006E-04
9400.0	2.166E-04
9410.0	2.254E-04
9420.0	2.011E-04
9430.0	1.804E-04
9440.0	1.845E-04
9450.0	1.630E-04
9460.0	1.663E-04
9470.0	1.548E-04
9480.0	1.562E-04
9490.0	1.402E-04
9500.0	1.477E-04
9510.0	1.480E-04
9520.0	1.500E-04
9530.0	1.480E-04
9540.0	1.454E-04
9550.0	1.397E-04
9560.0	1.387E-04
9570.0	1.345E-04
9580.0	1.628E-04
9590.0	1.339E-04
9600.0	1.539E-04
9610.0	1.313E-04
9620.0	1.234E-04
9630.0	1.339E-04
9640.0	1.323E-04
9650.0	1.375E-04
9660.0	1.321E-04
9670.0	1.254E-04
9680.0	1.288E-04
9690.0	1.168E-04
9700.0	1.209E-04