   6530.0      0.000
   6535.0      0.000
   6540.0      0.001
   6545.0      0.001
   6550.0      0.001
   6555.0      0.001
   6560.0      0.001
   6565.0      0.001
   6570.0      0.001
   6575.0      0.001
   6580.0      0.001
   6585.0      0.001
   6590.0      0.001
   6595.0      0.001
   6600.0      0.001
   6605.0      0.001
   6610.0      0.002
   6615.0      0.002
   6620.0      0.002
   6625.0      0.002
   6630.0      0.002
   6635.0      0.002
   6640.0      0.002
   6645.0      0.002
   6650.0      0.002
   6655.0      0.002
   6660.0      0.002
   6665.0      0.002
   6670.0      0.002
   6675.0      0.002
   6680.0      0.003
   6685.0      0.003
   6690.0      0.003
   6695.0      0.003
   6700.0      0.003
   6705.0      0.003
   6710.0      0.003
   6715.0      0.003
   6720.0      0.003
   6725.0      0.003
   6730.0      0.003
   6735.0      0.003
   6740.0      0.003
   6745.0      0.003
   6750.0      0.004
   6755.0      0.004
   6760.0      0.004
   6765.0      0.004
   6770.0      0.004
   6775.0      0.004
   6780.0      0.004
   6785.0      0.004
   6790.0      0.004
   6795.0      0.004
   6800.0      0.004
   6805.0      0.005
   6810.0      0.006
   6815.0      0.006
   6820.0      0.007
   6825.0      0.009
   6830.0      0.010
   6835.0      0.011
   6840.0      0.013
   6845.0      0.015
   6850.0      0.017
   6855.0      0.019
   6860.0      0.022
   6865.0      0.025
   6870.0      0.027
   6875.0      0.031
   6880.0      0.036
   6885.0      0.040
   6890.0      0.045
   6895.0      0.050
   6900.0      0.054
   6905.0      0.061
   6910.0      0.068
   6915.0      0.073
   6920.0      0.079
   6925.0      0.086
   6930.0      0.093
   6935.0      0.101
   6940.0      0.109
   6945.0      0.117
   6950.0      0.126
   6955.0      0.135
   6960.0      0.144
   6965.0      0.155
   6970.0      0.166
   6975.0      0.173
   6980.0      0.181
   6985.0      0.190
   6990.0      0.199
   6995.0      0.209
   7000.0      0.219
   7005.0      0.230
   7010.0      0.240
   7015.0      0.249
   7020.0      0.257
   7025.0      0.264
   7030.0      0.272
   7035.0      0.281
   7040.0      0.290
   7045.0      0.295
   7050.0      0.301
   7055.0      0.307
   7060.0      0.314
   7065.0      0.321
   7070.0      0.328
   7075.0      0.333
   7080.0      0.338
   7085.0      0.344
   7090.0      0.350
   7095.0      0.354
   7100.0      0.357
   7105.0      0.362
   7110.0      0.367
   7115.0      0.373
   7120.0      0.380
   7125.0      0.379
   7130.0      0.378
   7135.0      0.383
   7140.0      0.388
   7145.0      0.391
   7150.0      0.394
   7155.0      0.399
   7160.0      0.403
   7165.0      0.402
   7170.0      0.401
   7175.0      0.404
   7180.0      0.406
   7185.0      0.407
   7190.0      0.409
   7195.0      0.412
   7200.0      0.414
   7205.0      0.418
   7210.0      0.421
   7215.0      0.421
   7220.0      0.422
   7225.0      0.424
   7230.0      0.426
   7235.0      0.425
   7240.0      0.424
   7245.0      0.426
   7250.0      0.428
   7255.0      0.426
   7260.0      0.424
   7265.0      0.426
   7270.0      0.428
   7275.0      0.428
   7280.0      0.428
   7285.0      0.424
   7290.0      0.421
   7295.0      0.422
   7300.0      0.423
   7305.0      0.426
   7310.0      0.429
   7315.0      0.431
   7320.0      0.433
   7325.0      0.431
   7330.0      0.430
   7335.0      0.427
   7340.0      0.424
   7345.0      0.427
   7350.0      0.431
   7355.0      0.431
   7360.0      0.430
   7365.0      0.429
   7370.0      0.427
   7375.0      0.430
   7380.0      0.433
   7385.0      0.431
   7390.0      0.428
   7395.0      0.429
   7400.0      0.429
   7405.0      0.429
   7410.0      0.430
   7415.0      0.427
   7420.0      0.425
   7425.0      0.423
   7430.0      0.422
   7435.0      0.422
   7440.0      0.422
   7445.0      0.419
   7450.0      0.417
   7455.0      0.417
   7460.0      0.418
   7465.0      0.417
   7470.0      0.416
   7475.0      0.416
   7480.0      0.416
   7485.0      0.416
   7490.0      0.416
   7495.0      0.416
   7500.0      0.417
   7505.0      0.417
   7510.0      0.416
   7515.0      0.417
   7520.0      0.418
   7525.0      0.420
   7530.0      0.422
   7535.0      0.422
   7540.0      0.421
   7545.0      0.421
   7550.0      0.422
   7555.0      0.420
   7560.0      0.419
   7565.0      0.418
   7570.0      0.418
   7575.0      0.418
   7580.0      0.418
   7585.0      0.416
   7590.0      0.415
   7595.0      0.413
   7600.0      0.412
   7605.0      0.412
   7610.0      0.411
   7615.0      0.412
   7620.0      0.413
   7625.0      0.413
   7630.0      0.413
   7635.0      0.411
   7640.0      0.410
   7645.0      0.408
   7650.0      0.406
   7655.0      0.407
   7660.0      0.407
   7665.0      0.408
   7670.0      0.410
   7675.0      0.407
   7680.0      0.404
   7685.0      0.402
   7690.0      0.399
   7695.0      0.397
   7700.0      0.395
   7705.0      0.393
   7710.0      0.391
   7715.0      0.389
   7720.0      0.387
   7725.0      0.386
   7730.0      0.384
   7735.0      0.382
   7740.0      0.379
   7745.0      0.379
   7750.0      0.379
   7755.0      0.379
   7760.0      0.379
   7765.0      0.378
   7770.0      0.377
   7775.0      0.377
   7780.0      0.378
   7785.0      0.379
   7790.0      0.381
   7795.0      0.381
   7800.0      0.381
   7805.0      0.383
   7810.0      0.384
   7815.0      0.383
   7820.0      0.383
   7825.0      0.384
   7830.0      0.385
   7835.0      0.384
   7840.0      0.383
   7845.0      0.385
   7850.0      0.386
   7855.0      0.381
   7860.0      0.376
   7865.0      0.377
   7870.0      0.378
   7875.0      0.376
   7880.0      0.374
   7885.0      0.373
   7890.0      0.371
   7895.0      0.370
   7900.0      0.369
   7905.0      0.368
   7910.0      0.366
   7915.0      0.365
   7920.0      0.364
   7925.0      0.363
   7930.0      0.363
   7935.0      0.361
   7940.0      0.360
   7945.0      0.359
   7950.0      0.358
   7955.0      0.356
   7960.0      0.353
   7965.0      0.353
   7970.0      0.353
   7975.0      0.351
   7980.0      0.350
   7985.0      0.349
   7990.0      0.348
   7995.0      0.346
   8000.0      0.345
   8005.0      0.344
   8010.0      0.342
   8015.0      0.339
   8020.0      0.337
   8025.0      0.337
   8030.0      0.337
   8035.0      0.336
   8040.0      0.335
   8045.0      0.336
   8050.0      0.337
   8055.0      0.336
   8060.0      0.336
   8065.0      0.336
   8070.0      0.336
   8075.0      0.336
   8080.0      0.337
   8085.0      0.337
   8090.0      0.338
   8095.0      0.338
   8100.0      0.337
   8105.0      0.338
   8110.0      0.339
   8115.0      0.338
   8120.0      0.337
   8125.0      0.337
   8130.0      0.337
   8135.0      0.336
   8140.0      0.335
   8145.0      0.334
   8150.0      0.333
   8155.0      0.332
   8160.0      0.331
   8165.0      0.332
   8170.0      0.333
   8175.0      0.331
   8180.0      0.330
   8185.0      0.330
   8190.0      0.331
   8195.0      0.330
   8200.0      0.328
   8205.0      0.329
   8210.0      0.330
   8215.0      0.329
   8220.0      0.327
   8225.0      0.326
   8230.0      0.325
   8235.0      0.323
   8240.0      0.320
   8245.0      0.317
   8250.0      0.314
   8255.0      0.314
   8260.0      0.315
   8265.0      0.313
   8270.0      0.312
   8275.0      0.310
   8280.0      0.308
   8285.0      0.306
   8290.0      0.304
   8295.0      0.300
   8300.0      0.297
   8305.0      0.298
   8310.0      0.299
   8315.0      0.296
   8320.0      0.293
   8325.0      0.293
   8330.0      0.294
   8335.0      0.290
   8340.0      0.287
   8345.0      0.288
   8350.0      0.289
   8355.0      0.288
   8360.0      0.286
   8365.0      0.284
   8370.0      0.282
   8375.0      0.283
   8380.0      0.283
   8385.0      0.283
   8390.0      0.283
   8395.0      0.283
   8400.0      0.283
   8405.0      0.283
   8410.0      0.282
   8415.0      0.282
   8420.0      0.282
   8425.0      0.280
   8430.0      0.278
   8435.0      0.276
   8440.0      0.274
   8445.0      0.271
   8450.0      0.269
   8455.0      0.266
   8460.0      0.262
   8465.0      0.260
   8470.0      0.257
   8475.0      0.254
   8480.0      0.251
   8485.0      0.248
   8490.0      0.244
   8495.0      0.237
   8500.0      0.231
   8505.0      0.223
   8510.0      0.215
   8515.0      0.204
   8520.0      0.192
   8525.0      0.177
   8530.0      0.162
   8535.0      0.145
   8540.0      0.128
   8545.0      0.110
   8550.0      0.093
   8555.0      0.078
   8560.0      0.063
   8565.0      0.052
   8570.0      0.041
   8575.0      0.033
   8580.0      0.026
   8585.0      0.021
   8590.0      0.017
   8595.0      0.014
   8600.0      0.011
   8605.0      0.009
   8610.0      0.008
   8615.0      0.007
   8620.0      0.005
   8625.0      0.005
   8630.0      0.004
   8635.0      0.003
   8640.0      0.003
   8645.0      0.002
   8650.0      0.002
   8655.0      0.002
   8660.0      0.001
   8665.0      0.001
   8670.0      0.001
   8675.0      0.001
   8680.0      0.001
   8685.0      0.001
   8690.0      0.001
   8695.0      0.001
   8700.0      0.001
   8705.0      0.001
   8710.0      0.000
   8715.0      0.000
