   7949.0      0.000
   7954.0      0.000
   7959.0      0.000
   7964.0      0.000
   7969.0      0.000
   7974.0      0.000
   7979.0      0.000
   7984.0      0.000
   7989.0      0.000
   7994.0      0.000
   7999.0      0.000
   8004.0      0.000
   8009.0      0.000
   8014.0      0.000
   8019.0      0.000
   8024.0      0.000
   8029.0      0.000
   8034.0      0.000
   8039.0      0.000
   8044.0      0.000
   8049.0      0.000
   8054.0      0.000
   8059.0      0.000
   8064.0      0.000
   8069.0      0.000
   8074.0      0.000
   8079.0      0.000
   8084.0      0.000
   8089.0      0.000
   8094.0      0.000
   8099.0      0.000
   8104.0      0.000
   8109.0      0.000
   8114.0      0.000
   8119.0      0.000
   8124.0      0.000
   8129.0      0.000
   8134.0      0.000
   8139.0      0.000
   8144.0      0.000
   8149.0      0.000
   8154.0      0.000
   8159.0      0.000
   8164.0      0.000
   8169.0      0.000
   8174.0      0.000
   8179.0      0.000
   8184.0      0.000
   8189.0      0.000
   8194.0      0.000
   8199.0      0.000
   8204.0      0.000
   8209.0      0.000
   8214.0      0.000
   8219.0      0.000
   8224.0      0.000
   8229.0      0.000
   8234.0      0.000
   8239.0      0.000
   8244.0      0.000
   8249.0      0.000
   8254.0      0.000
   8259.0      0.000
   8264.0      0.000
   8269.0      0.000
   8274.0      0.000
   8279.0      0.000
   8284.0      0.000
   8289.0      0.000
   8294.0      0.000
   8299.0      0.000
   8304.0      0.000
   8309.0      0.000
   8314.0      0.000
   8319.0      0.000
   8324.0      0.000
   8329.0      0.000
   8334.0      0.000
   8339.0      0.000
   8344.0      0.000
   8349.0      0.000
   8354.0      0.000
   8359.0      0.000
   8364.0      0.000
   8369.0      0.000
   8374.0      0.000
   8379.0      0.000
   8384.0      0.000
   8389.0      0.000
   8394.0      0.000
   8399.0      0.000
   8404.0      0.000
   8409.0      0.000
   8414.0      0.000
   8419.0      0.000
   8424.0      0.000
   8429.0      0.000
   8434.0      0.000
   8439.0      0.000
   8444.0      0.000
   8449.0      0.000
   8454.0      0.000
   8459.0      0.000
   8464.0      0.000
   8469.0      0.000
   8474.0      0.000
   8479.0      0.000
   8484.0      0.000
   8489.0      0.000
   8494.0      0.000
   8499.0      0.000
   8504.0      0.000
   8509.0      0.000
   8514.0      0.000
   8519.0      0.000
   8524.0      0.000
   8529.0      0.000
   8534.0      0.000
   8539.0      0.000
   8544.0      0.000
   8549.0      0.000
   8554.0      0.000
   8559.0      0.000
   8564.0      0.000
   8569.0      0.000
   8574.0      0.000
   8579.0      0.000
   8584.0      0.000
   8589.0      0.000
   8594.0      0.000
   8599.0      0.000
   8604.0      0.000
   8609.0      0.000
   8614.0      0.000
   8619.0      0.000
   8624.0      0.000
   8629.0      0.000
   8634.0      0.000
   8639.0      0.000
   8644.0      0.000
   8649.0      0.000
   8654.0      0.000
   8659.0      0.000
   8664.0      0.000
   8669.0      0.000
   8674.0      0.000
   8679.0      0.000
   8684.0      0.000
   8689.0      0.000
   8694.0      0.000
   8699.0      0.000
   8704.0      0.000
   8709.0      0.000
   8714.0      0.000
   8719.0      0.000
   8724.0      0.000
   8729.0      0.000
   8734.0      0.000
   8739.0      0.000
   8744.0      0.000
   8749.0      0.000
   8754.0      0.000
   8759.0      0.000
   8764.0      0.000
   8769.0      0.000
   8774.0      0.000
   8779.0      0.000
   8784.0      0.000
   8789.0      0.000
   8794.0      0.000
   8799.0      0.000
   8804.0      0.000
   8809.0      0.000
   8814.0      0.000
   8819.0      0.000
   8824.0      0.000
   8829.0      0.000
   8834.0      0.000
   8839.0      0.000
   8844.0      0.000
   8849.0      0.000
   8854.0      0.000
   8859.0      0.000
   8864.0      0.000
   8869.0      0.000
   8874.0      0.000
   8879.0      0.000
   8884.0      0.000
   8889.0      0.000
   8894.0      0.000
   8899.0      0.000
   8904.0      0.000
   8909.0      0.000
   8914.0      0.000
   8919.0      0.000
   8924.0      0.000
   8929.0      0.000
   8934.0      0.000
   8939.0      0.000
   8944.0      0.000
   8949.0      0.000
   8954.0      0.000
   8959.0      0.000
   8964.0      0.000
   8969.0      0.000
   8974.0      0.000
   8979.0      0.000
   8984.0      0.000
   8989.0      0.000
   8994.0      0.000
   8999.0      0.000
   9004.0      0.000
   9009.0      0.000
   9014.0      0.000
   9019.0      0.000
   9024.0      0.000
   9029.0      0.000
   9034.0      0.000
   9039.0      0.000
   9044.0      0.000
   9049.0      0.000
   9054.0      0.000
   9059.0      0.000
   9064.0      0.000
   9069.0      0.000
   9074.0      0.000
   9079.0      0.000
   9084.0      0.000
   9089.0      0.000
   9094.0      0.000
   9099.0      0.000
   9104.0      0.000
   9109.0      0.000
   9114.0      0.000
   9119.0      0.000
   9124.0      0.000
   9129.0      0.000
   9134.0      0.000
   9139.0      0.000
   9144.0      0.000
   9149.0      0.000
   9154.0      0.000
   9159.0      0.000
   9164.0      0.000
   9169.0      0.000
   9174.0      0.000
   9179.0      0.000
   9184.0      0.000
   9189.0      0.000
   9194.0      0.000
   9199.0      0.000
   9204.0      0.000
   9209.0      0.000
   9214.0      0.000
   9219.0      0.000
   9224.0      0.000
   9229.0      0.000
   9234.0      0.000
   9239.0      0.000
   9244.0      0.000
   9249.0      0.000
   9254.0      0.000
   9259.0      0.000
   9264.0      0.000
   9269.0      0.000
   9274.0      0.000
   9279.0      0.000
   9284.0      0.000
   9289.0      0.000
   9294.0      0.000
   9299.0      0.000
   9304.0      0.000
   9309.0      0.000
   9314.0      0.000
   9319.0      0.000
   9324.0      0.000
   9329.0      0.000
   9334.0      0.000
   9339.0      0.000
   9344.0      0.000
   9349.0      0.000
   9354.0      0.000
   9359.0      0.000
   9364.0      0.000
   9369.0      0.000
   9374.0      0.000
   9379.0      0.000
   9384.0      0.000
   9389.0      0.000
   9394.0      0.000
   9399.0      0.000
   9404.0      0.000
   9409.0      0.000
   9414.0      0.000
   9419.0      0.000
   9424.0      0.000
   9429.0      0.000
   9434.0      0.000
   9439.0      0.000
   9444.0      0.000
   9449.0      0.000
   9454.0      0.000
   9459.0      0.000
   9464.0      0.000
   9469.0      0.000
   9474.0      0.000
   9479.0      0.000
   9484.0      0.000
   9489.0      0.000
   9494.0      0.000
   9499.0      0.000
   9504.0      0.000
   9509.0      0.000
   9514.0      0.000
   9519.0      0.000
   9524.0      0.000
   9529.0      0.000
   9534.0      0.000
   9539.0      0.000
   9544.0      0.000
   9549.0      0.000
   9554.0      0.000
   9559.0      0.000
   9564.0      0.000
   9569.0      0.000
   9574.0      0.000
   9579.0      0.000
   9584.0      0.000
   9589.0      0.000
   9594.0      0.000
   9599.0      0.000
   9604.0      0.000
   9609.0      0.000
   9614.0      0.000
   9619.0      0.000
   9624.0      0.000
   9629.0      0.000
   9634.0      0.000
   9639.0      0.000
   9644.0      0.000
   9649.0      0.000
   9654.0      0.000
   9659.0      0.000
   9664.0      0.000
   9669.0      0.000
   9674.0      0.000
   9679.0      0.000
   9684.0      0.000
   9689.0      0.000
   9694.0      0.000
   9699.0      0.000
   9704.0      0.000
   9709.0      0.000
   9714.0      0.000
   9719.0      0.000
   9724.0      0.000
   9729.0      0.000
   9734.0      0.000
   9739.0      0.000
   9744.0      0.000
   9749.0      0.000
   9754.0      0.000
   9759.0      0.000
   9764.0      0.000
   9769.0      0.000
   9774.0      0.000
   9779.0      0.000
   9784.0      0.000
   9789.0      0.000
   9794.0      0.000
   9799.0      0.000
   9804.0      0.000
   9809.0      0.000
   9814.0      0.000
   9819.0      0.000
   9824.0      0.000
   9829.0      0.000
   9834.0      0.000
   9839.0      0.000
   9844.0      0.000
   9849.0      0.000
   9854.0      0.000
   9859.0      0.000
   9864.0      0.000
   9869.0      0.000
   9874.0      0.000
   9879.0      0.000
   9884.0      0.000
   9889.0      0.000
   9894.0      0.000
   9899.0      0.000
   9904.0      0.000
   9909.0      0.000
   9914.0      0.000
   9919.0      0.000
   9924.0      0.000
   9929.0      0.000
   9934.0      0.000
   9939.0      0.000
   9944.0      0.000
   9949.0      0.000
   9954.0      0.000
   9959.0      0.000
   9964.0      0.000
   9969.0      0.000
   9974.0      0.000
   9979.0      0.000
   9984.0      0.000
   9989.0      0.000
   9994.0      0.000
   9999.0      0.000
  10004.0      0.000
  10009.0      0.000
  10014.0      0.000
  10019.0      0.000
  10024.0      0.000
  10029.0      0.000
  10034.0      0.000
  10039.0      0.000
  10044.0      0.000
  10049.0      0.000
  10054.0      0.000
  10059.0      0.000
  10064.0      0.000
  10069.0      0.000
  10074.0      0.000
  10079.0      0.000
  10084.0      0.000
  10089.0      0.000
  10094.0      0.000
  10099.0      0.000
  10104.0      0.000
  10109.0      0.000
  10114.0      0.000
  10119.0      0.000
  10124.0      0.000
  10129.0      0.000
  10134.0      0.000
  10139.0      0.000
  10144.0      0.000
  10149.0      0.000
  10154.0      0.000
  10159.0      0.000
  10164.0      0.000
  10169.0      0.000
  10174.0      0.000
  10179.0      0.000
  10184.0      0.000
  10189.0      0.000
  10194.0      0.000
  10199.0      0.000
  10204.0      0.000
  10209.0      0.000
  10214.0      0.000
  10219.0      0.000
  10224.0      0.000
  10229.0      0.000
  10234.0      0.000
  10239.0      0.000
  10244.0      0.000
  10249.0      0.000
  10254.0      0.000
  10259.0      0.000
  10264.0      0.000
  10269.0      0.000
  10274.0      0.000
  10279.0      0.000
  10284.0      0.000
  10289.0      0.000
  10294.0      0.000
  10299.0      0.000
  10304.0      0.000
  10309.0      0.000
  10314.0      0.000
  10319.0      0.000
  10324.0      0.000
  10329.0      0.000
  10334.0      0.000
  10339.0      0.000
  10344.0      0.000
  10349.0      0.000
  10354.0      0.000
  10359.0      0.000
  10364.0      0.000
  10369.0      0.000
  10374.0      0.000
  10379.0      0.000
  10384.0      0.000
  10389.0      0.000
  10394.0      0.000
  10399.0      0.000
  10404.0      0.000
  10409.0      0.000
  10414.0      0.000
  10419.0      0.000
  10424.0      0.000
  10429.0      0.000
  10434.0      0.000
  10439.0      0.000
  10444.0      0.000
  10449.0      0.000
  10454.0      0.000
  10459.0      0.000
  10464.0      0.000
  10469.0      0.000
  10474.0      0.000
  10479.0      0.000
  10484.0      0.000
  10489.0      0.000
  10494.0      0.000
  10499.0      0.000
  10504.0      0.000
  10509.0      0.000
  10514.0      0.000
  10519.0      0.000
  10524.0      0.000
  10529.0      0.000
  10534.0      0.000
  10539.0      0.000
  10544.0      0.000
  10549.0      0.000
  10554.0      0.000
  10559.0      0.000
  10564.0      0.000
  10569.0      0.000
  10574.0      0.000
  10579.0      0.000
  10584.0      0.000
  10589.0      0.000
  10594.0      0.000
  10599.0      0.000
  10604.0      0.000
  10609.0      0.000
  10614.0      0.000
  10619.0      0.000
  10624.0      0.000
  10629.0      0.000
  10634.0      0.000
  10639.0      0.000
  10644.0      0.000
  10649.0      0.000
  10654.0      0.000
  10659.0      0.000
  10664.0      0.000
  10669.0      0.000
  10674.0      0.000
  10679.0      0.000
  10684.0      0.000
  10689.0      0.000
  10694.0      0.000
  10699.0      0.000
  10704.0      0.000
  10709.0      0.000
  10714.0      0.000
  10719.0      0.000
  10724.0      0.000
  10729.0      0.000
  10734.0      0.000
  10739.0      0.000
  10744.0      0.000
  10749.0      0.000
  10754.0      0.000
  10759.0      0.000
  10764.0      0.000
  10769.0      0.000
  10774.0      0.000
  10779.0      0.000
  10784.0      0.000
  10789.0      0.000
  10794.0      0.000
  10799.0      0.000
  10804.0      0.000
  10809.0      0.000
  10814.0      0.000
  10819.0      0.000
  10824.0      0.000
  10829.0      0.000
  10834.0      0.000
  10839.0      0.000
  10844.0      0.000
  10849.0      0.000
  10854.0      0.000
  10859.0      0.000
  10864.0      0.000
  10869.0      0.000
  10874.0      0.000
  10879.0      0.000
  10884.0      0.000
  10889.0      0.000
  10894.0      0.000
  10899.0      0.000
  10904.0      0.000
  10909.0      0.000
  10914.0      0.000
  10919.0      0.000
  10924.0      0.000
  10929.0      0.000
  10934.0      0.000
  10939.0      0.000
  10944.0      0.000
  10949.0      0.000
  10954.0      0.000
  10959.0      0.000
  10964.0      0.000
  10969.0      0.000
  10974.0      0.000
  10979.0      0.000
  10984.0      0.000
  10989.0      0.000
  10994.0      0.000
  10999.0      0.000
  11004.0      0.000
  11009.0      0.000
  11014.0      0.000
  11019.0      0.000
  11024.0      0.000
  11029.0      0.000
  11034.0      0.000
  11039.0      0.000
  11044.0      0.000
  11049.0      0.000
  11054.0      0.000
  11059.0      0.000
  11064.0      0.000
  11069.0      0.000
  11074.0      0.000
  11079.0      0.000
  11084.0      0.000
  11089.0      0.000
  11094.0      0.000
  11099.0      0.000
  11104.0      0.000
  11109.0      0.000
  11114.0      0.000
  11119.0      0.000
  11124.0      0.000
  11129.0      0.000
  11134.0      0.000
  11139.0      0.000
  11144.0      0.000
  11149.0      0.000
  11154.0      0.000
  11159.0      0.000
  11164.0      0.000
  11169.0      0.000
  11174.0      0.000
  11179.0      0.000
  11184.0      0.000
  11189.0      0.000
  11194.0      0.000
  11199.0      0.000
  11204.0      0.000
  11209.0      0.000
  11214.0      0.000
  11219.0      0.000
  11224.0      0.000
  11229.0      0.000
  11234.0      0.000
  11239.0      0.000
  11244.0      0.000
  11249.0      0.000
  11254.0      0.000
  11259.0      0.000
  11264.0      0.000
  11269.0      0.000
  11274.0      0.000
  11279.0      0.000
  11284.0      0.000
  11289.0      0.000
  11294.0      0.000
  11299.0      0.000
  11304.0      0.000
  11309.0      0.000
  11314.0      0.000
  11319.0      0.000
  11324.0      0.000
  11329.0      0.000
  11334.0      0.000
  11339.0      0.000
  11344.0      0.000
  11349.0      0.000
  11354.0      0.000
  11359.0      0.000
  11364.0      0.000
  11369.0      0.000
  11374.0      0.000
  11379.0      0.000
  11384.0      0.000
  11389.0      0.000
  11394.0      0.000
  11399.0      0.000
  11404.0      0.000
  11409.0      0.000
  11414.0      0.000
  11419.0      0.000
  11424.0      0.000
  11429.0      0.000
  11434.0      0.000
  11439.0      0.000
  11444.0      0.000
  11449.0      0.000
  11454.0      0.000
  11459.0      0.000
  11464.0      0.000
  11469.0      0.000
  11474.0      0.000
  11479.0      0.000
  11484.0      0.000
  11489.0      0.000
  11494.0      0.000
  11499.0      0.000
  11504.0      0.000
  11509.0      0.000
  11514.0      0.000
  11519.0      0.000
  11524.0      0.000
  11529.0      0.000
  11534.0      0.000
  11539.0      0.000
  11544.0      0.000
  11549.0      0.000
  11554.0      0.000
  11559.0      0.000
  11564.0      0.000
  11569.0      0.000
  11574.0      0.000
  11579.0      0.000
  11584.0      0.000
  11589.0      0.000
  11594.0      0.000
  11599.0      0.000
  11604.0      0.000
  11609.0      0.000
  11614.0      0.000
  11619.0      0.000
  11624.0      0.000
  11629.0      0.000
  11634.0      0.000
  11639.0      0.000
  11644.0      0.000
  11649.0      0.000
  11654.0      0.000
  11659.0      0.000
  11664.0      0.000
  11669.0      0.000
  11674.0      0.000
  11679.0      0.000
  11684.0      0.000
  11689.0      0.000
  11694.0      0.000
  11699.0      0.000
  11704.0      0.000
  11709.0      0.000
  11714.0      0.000
  11719.0      0.000
  11724.0      0.000
  11729.0      0.000
  11734.0      0.000
  11739.0      0.000
  11744.0      0.000
  11749.0      0.000
  11754.0      0.000
  11759.0      0.000
  11764.0      0.000
  11769.0      0.000
  11774.0      0.000
  11779.0      0.000
  11784.0      0.000
  11789.0      0.000
  11794.0      0.000
  11799.0      0.000
  11804.0      0.000
  11809.0      0.000
  11814.0      0.000
  11819.0      0.000
  11824.0      0.000
  11829.0      0.000
  11834.0      0.000
  11839.0      0.000
  11844.0      0.000
  11849.0      0.000
  11854.0      0.000
  11859.0      0.000
  11864.0      0.000
  11869.0      0.000
  11874.0      0.000
  11879.0      0.000
  11884.0      0.000
  11889.0      0.000
  11894.0      0.000
  11899.0      0.000
  11904.0      0.000
  11909.0      0.000
  11914.0      0.000
  11919.0      0.000
  11924.0      0.000
  11929.0      0.000
  11934.0      0.000
  11939.0      0.000
  11944.0      0.000
  11949.0      0.000
  11954.0      0.000
  11959.0      0.000
  11964.0      0.000
  11969.0      0.000
  11974.0      0.000
  11979.0      0.000
  11984.0      0.000
  11989.0      0.000
  11994.0      0.000
  11999.0      0.000
  12004.0      0.000
  12009.0      0.000
  12014.0      0.000
  12019.0      0.000
  12024.0      0.000
  12029.0      0.000
  12034.0      0.000
  12039.0      0.000
  12044.0      0.000
  12049.0      0.000
  12054.0      0.000
  12059.0      0.000
  12064.0      0.000
  12069.0      0.000
  12074.0      0.000
  12079.0      0.000
  12084.0      0.000
  12089.0      0.000
  12094.0      0.000
  12099.0      0.000
  12104.0      0.000
  12109.0      0.000
  12114.0      0.000
  12119.0      0.000
  12124.0      0.000
  12129.0      0.000
  12134.0      0.000
  12139.0      0.000
  12144.0      0.000
  12149.0      0.000
  12154.0      0.000
  12159.0      0.000
  12164.0      0.000
  12169.0      0.000
  12174.0      0.000
  12179.0      0.000
  12184.0      0.000
  12189.0      0.000
  12194.0      0.000
  12199.0      0.000
  12204.0      0.000
  12209.0      0.000
  12214.0      0.000
  12219.0      0.000
  12224.0      0.000
  12229.0      0.000
  12234.0      0.000
  12239.0      0.000
  12244.0      0.000
  12249.0      0.000
  12254.0      0.000
  12259.0      0.000
  12264.0      0.000
  12269.0      0.000
  12274.0      0.000
  12279.0      0.000
  12284.0      0.000
  12289.0      0.000
  12294.0      0.000
  12299.0      0.000
  12304.0      0.000
  12309.0      0.000
  12314.0      0.000
  12319.0      0.000
  12324.0      0.000
  12329.0      0.000
  12334.0      0.000
  12339.0      0.000
  12344.0      0.000
  12349.0      0.000
  12354.0      0.000
  12359.0      0.000
  12364.0      0.000
  12369.0      0.000
  12374.0      0.000
  12379.0      0.000
  12384.0      0.000
  12389.0      0.000
  12394.0      0.000
  12399.0      0.000
  12404.0      0.000
  12409.0      0.000
  12414.0      0.000
  12419.0      0.000
  12424.0      0.000
  12429.0      0.000
  12434.0      0.000
  12439.0      0.000
  12444.0      0.000
  12449.0      0.000
  12454.0      0.000
  12459.0      0.000
  12464.0      0.000
  12469.0      0.000
  12474.0      0.000
  12479.0      0.000
  12484.0      0.000
  12489.0      0.000
  12494.0      0.000
  12499.0      0.000
  12504.0      0.000
  12509.0      0.000
  12514.0      0.000
  12519.0      0.000
  12524.0      0.000
  12529.0      0.000
  12534.0      0.000
  12539.0      0.000
  12544.0      0.000
  12549.0      0.000
  12554.0      0.000
  12559.0      0.000
  12564.0      0.000
  12569.0      0.000
  12574.0      0.000
  12579.0      0.000
  12584.0      0.000
  12589.0      0.000
  12594.0      0.000
  12599.0      0.000
  12604.0      0.000
  12609.0      0.000
  12614.0      0.000
  12619.0      0.000
  12624.0      0.000
  12629.0      0.000
  12634.0      0.000
  12639.0      0.000
  12644.0      0.000
  12649.0      0.000
  12654.0      0.000
  12659.0      0.000
  12664.0      0.000
  12669.0      0.000
  12674.0      0.000
  12679.0      0.000
  12684.0      0.000
  12689.0      0.000
  12694.0      0.000
  12699.0      0.000
  12704.0      0.000
  12709.0      0.000
  12714.0      0.000
  12719.0      0.000
  12724.0      0.000
  12729.0      0.000
  12734.0      0.000
  12739.0      0.000
  12744.0      0.000
  12749.0      0.000
  12754.0      0.000
  12759.0      0.000
  12764.0      0.000
  12769.0      0.000
  12774.0      0.000
  12779.0      0.000
  12784.0      0.000
  12789.0      0.000
  12794.0      0.000
  12799.0      0.000
  12804.0      0.000
  12809.0      0.000
  12814.0      0.000
  12819.0      0.000
  12824.0      0.000
  12829.0      0.000
  12834.0      0.000
  12839.0      0.000
  12844.0      0.000
  12849.0      0.000
  12854.0      0.000
  12859.0      0.000
  12864.0      0.000
  12869.0      0.000
  12874.0      0.000
  12879.0      0.000
  12884.0      0.000
  12889.0      0.000
  12894.0      0.000
  12899.0      0.000
  12904.0      0.000
  12909.0      0.000
  12914.0      0.000
  12919.0      0.000
  12924.0      0.000
  12929.0      0.000
  12934.0      0.000
  12939.0      0.000
  12944.0      0.000
  12949.0      0.000
  12954.0      0.000
  12959.0      0.000
  12964.0      0.000
  12969.0      0.000
  12974.0      0.000
  12979.0      0.000
  12984.0      0.000
  12989.0      0.000
  12994.0      0.000
  12999.0      0.000
  13004.0      0.000
  13009.0      0.000
  13014.0      0.000
  13019.0      0.000
  13024.0      0.000
  13029.0      0.000
  13034.0      0.000
  13039.0      0.000
  13044.0      0.000
  13049.0      0.000
  13054.0      0.000
  13059.0      0.000
  13064.0      0.000
  13069.0      0.000
  13074.0      0.000
  13079.0      0.000
  13084.0      0.000
  13089.0      0.000
  13094.0      0.000
  13099.0      0.000
  13104.0      0.000
  13109.0      0.000
  13114.0      0.000
  13119.0      0.000
  13124.0      0.000
  13129.0      0.000
  13134.0      0.000
  13139.0      0.000
  13144.0      0.000
  13149.0      0.000
  13154.0      0.000
  13159.0      0.000
  13164.0      0.000
  13169.0      0.000
  13174.0      0.000
  13179.0      0.000
  13184.0      0.000
  13189.0      0.000
  13194.0      0.000
  13199.0      0.000
  13204.0      0.000
  13209.0      0.000
  13214.0      0.000
  13219.0      0.000
  13224.0      0.000
  13229.0      0.000
  13234.0      0.000
  13239.0      0.000
  13244.0      0.000
  13249.0      0.000
  13254.0      0.000
  13259.0      0.000
  13264.0      0.000
  13269.0      0.000
  13274.0      0.000
  13279.0      0.000
  13284.0      0.000
  13289.0      0.000
  13294.0      0.000
  13299.0      0.000
  13304.0      0.000
  13309.0      0.000
  13314.0      0.000
  13319.0      0.000
  13324.0      0.000
  13329.0      0.000
  13334.0      0.000
  13339.0      0.000
  13344.0      0.000
  13349.0      0.000
  13354.0      0.000
  13359.0      0.000
  13364.0      0.000
  13369.0      0.000
  13374.0      0.000
  13379.0      0.000
  13384.0      0.000
  13389.0      0.000
  13394.0      0.000
  13399.0      0.000
  13404.0      0.000
  13409.0      0.000
  13414.0      0.000
  13419.0      0.000
  13424.0      0.000
  13429.0      0.000
  13434.0      0.000
  13439.0      0.000
  13444.0      0.000
  13449.0      0.000
  13454.0      0.000
  13459.0      0.000
  13464.0      0.000
  13469.0      0.000
  13474.0      0.000
  13479.0      0.000
  13484.0      0.000
  13489.0      0.000
  13494.0      0.000
  13499.0      0.000
  13504.0      0.000
  13509.0      0.000
  13514.0      0.000
  13519.0      0.000
  13524.0      0.000
  13529.0      0.000
  13534.0      0.000
  13539.0      0.000
  13544.0      0.000
  13549.0      0.000
  13554.0      0.000
  13559.0      0.000
  13564.0      0.000
  13569.0      0.000
  13574.0      0.000
  13579.0      0.000
  13584.0      0.000
  13589.0      0.000
  13594.0      0.000
  13599.0      0.000
  13604.0      0.000
  13609.0      0.000
  13614.0      0.000
  13619.0      0.000
  13624.0      0.000
  13629.0      0.000
  13634.0      0.000
  13639.0      0.000
  13644.0      0.000
  13649.0      0.000
  13654.0      0.000
  13659.0      0.000
  13664.0      0.000
  13669.0      0.000
  13674.0      0.000
  13679.0      0.000
  13684.0      0.000
  13689.0      0.000
  13694.0      0.000
  13699.0      0.000
  13704.0      0.000
  13709.0      0.000
  13714.0      0.000
  13719.0      0.000
  13724.0      0.000
  13729.0      0.001
  13734.0      0.001
  13739.0      0.001
  13744.0      0.001
  13749.0      0.001
  13754.0      0.001
  13759.0      0.001
  13764.0      0.001
  13769.0      0.001
  13774.0      0.001
  13779.0      0.001
  13784.0      0.001
  13789.0      0.002
  13794.0      0.002
  13799.0      0.002
  13804.0      0.002
  13809.0      0.002
  13814.0      0.002
  13819.0      0.003
  13824.0      0.003
  13829.0      0.003
  13834.0      0.004
  13839.0      0.004
  13844.0      0.004
  13849.0      0.005
  13854.0      0.006
  13859.0      0.006
  13864.0      0.007
  13869.0      0.008
  13874.0      0.009
  13879.0      0.010
  13884.0      0.011
  13889.0      0.013
  13894.0      0.015
  13899.0      0.017
  13904.0      0.019
  13909.0      0.022
  13914.0      0.026
  13919.0      0.029
  13924.0      0.033
  13929.0      0.041
  13934.0      0.048
  13939.0      0.056
  13944.0      0.064
  13949.0      0.077
  13954.0      0.090
  13959.0      0.103
  13964.0      0.117
  13969.0      0.139
  13974.0      0.161
  13979.0      0.184
  13984.0      0.207
  13989.0      0.236
  13994.0      0.266
  13999.0      0.296
  14004.0      0.326
  14009.0      0.350
  14014.0      0.374
  14019.0      0.398
  14024.0      0.421
  14029.0      0.437
  14034.0      0.452
  14039.0      0.467
  14044.0      0.482
  14049.0      0.487
  14054.0      0.493
  14059.0      0.498
  14064.0      0.503
  14069.0      0.504
  14074.0      0.505
  14079.0      0.506
  14084.0      0.507
  14089.0      0.507
  14094.0      0.507
  14099.0      0.507
  14104.0      0.507
  14109.0      0.507
  14114.0      0.506
  14119.0      0.506
  14124.0      0.506
  14129.0      0.506
  14134.0      0.507
  14139.0      0.507
  14144.0      0.507
  14149.0      0.508
  14154.0      0.509
  14159.0      0.510
  14164.0      0.511
  14169.0      0.512
  14174.0      0.514
  14179.0      0.515
  14184.0      0.517
  14189.0      0.519
  14194.0      0.521
  14199.0      0.523
  14204.0      0.525
  14209.0      0.527
  14214.0      0.530
  14219.0      0.532
  14224.0      0.534
  14229.0      0.536
  14234.0      0.538
  14239.0      0.540
  14244.0      0.542
  14249.0      0.544
  14254.0      0.545
  14259.0      0.546
  14264.0      0.548
  14269.0      0.549
  14274.0      0.550
  14279.0      0.551
  14284.0      0.552
  14289.0      0.552
  14294.0      0.552
  14299.0      0.553
  14304.0      0.553
  14309.0      0.553
  14314.0      0.553
  14319.0      0.553
  14324.0      0.553
  14329.0      0.553
  14334.0      0.553
  14339.0      0.553
  14344.0      0.553
  14349.0      0.553
  14354.0      0.553
  14359.0      0.553
  14364.0      0.554
  14369.0      0.554
  14374.0      0.554
  14379.0      0.554
  14384.0      0.555
  14389.0      0.555
  14394.0      0.555
  14399.0      0.555
  14404.0      0.555
  14409.0      0.556
  14414.0      0.556
  14419.0      0.556
  14424.0      0.556
  14429.0      0.556
  14434.0      0.556
  14439.0      0.556
  14444.0      0.556
  14449.0      0.556
  14454.0      0.556
  14459.0      0.557
  14464.0      0.557
  14469.0      0.556
  14474.0      0.556
  14479.0      0.555
  14484.0      0.555
  14489.0      0.554
  14494.0      0.554
  14499.0      0.553
  14504.0      0.552
  14509.0      0.551
  14514.0      0.551
  14519.0      0.550
  14524.0      0.549
  14529.0      0.549
  14534.0      0.548
  14539.0      0.548
  14544.0      0.547
  14549.0      0.547
  14554.0      0.546
  14559.0      0.546
  14564.0      0.545
  14569.0      0.545
  14574.0      0.545
  14579.0      0.544
  14584.0      0.544
  14589.0      0.544
  14594.0      0.545
  14599.0      0.545
  14604.0      0.545
  14609.0      0.545
  14614.0      0.546
  14619.0      0.546
  14624.0      0.547
  14629.0      0.548
  14634.0      0.548
  14639.0      0.549
  14644.0      0.549
  14649.0      0.550
  14654.0      0.551
  14659.0      0.552
  14664.0      0.552
  14669.0      0.553
  14674.0      0.554
  14679.0      0.554
  14684.0      0.555
  14689.0      0.555
  14694.0      0.556
  14699.0      0.556
  14704.0      0.556
  14709.0      0.556
  14714.0      0.556
  14719.0      0.556
  14724.0      0.556
  14729.0      0.555
  14734.0      0.555
  14739.0      0.554
  14744.0      0.554
  14749.0      0.553
  14754.0      0.552
  14759.0      0.552
  14764.0      0.551
  14769.0      0.550
  14774.0      0.548
  14779.0      0.547
  14784.0      0.546
  14789.0      0.545
  14794.0      0.543
  14799.0      0.542
  14804.0      0.541
  14809.0      0.540
  14814.0      0.539
  14819.0      0.538
  14824.0      0.537
  14829.0      0.536
  14834.0      0.535
  14839.0      0.534
  14844.0      0.533
  14849.0      0.532
  14854.0      0.532
  14859.0      0.531
  14864.0      0.531
  14869.0      0.531
  14874.0      0.531
  14879.0      0.530
  14884.0      0.530
  14889.0      0.530
  14894.0      0.531
  14899.0      0.531
  14904.0      0.531
  14909.0      0.532
  14914.0      0.532
  14919.0      0.533
  14924.0      0.533
  14929.0      0.534
  14934.0      0.535
  14939.0      0.535
  14944.0      0.536
  14949.0      0.537
  14954.0      0.538
  14959.0      0.539
  14964.0      0.540
  14969.0      0.541
  14974.0      0.542
  14979.0      0.543
  14984.0      0.543
  14989.0      0.544
  14994.0      0.545
  14999.0      0.546
  15004.0      0.547
  15009.0      0.547
  15014.0      0.548
  15019.0      0.548
  15024.0      0.549
  15029.0      0.549
  15034.0      0.550
  15039.0      0.550
  15044.0      0.551
  15049.0      0.551
  15054.0      0.551
  15059.0      0.551
  15064.0      0.552
  15069.0      0.552
  15074.0      0.552
  15079.0      0.552
  15084.0      0.552
  15089.0      0.552
  15094.0      0.553
  15099.0      0.553
  15104.0      0.553
  15109.0      0.552
  15114.0      0.552
  15119.0      0.552
  15124.0      0.552
  15129.0      0.552
  15134.0      0.552
  15139.0      0.552
  15144.0      0.551
  15149.0      0.551
  15154.0      0.551
  15159.0      0.550
  15164.0      0.550
  15169.0      0.549
  15174.0      0.548
  15179.0      0.548
  15184.0      0.547
  15189.0      0.546
  15194.0      0.545
  15199.0      0.545
  15204.0      0.544
  15209.0      0.543
  15214.0      0.542
  15219.0      0.541
  15224.0      0.541
  15229.0      0.540
  15234.0      0.538
  15239.0      0.537
  15244.0      0.536
  15249.0      0.535
  15254.0      0.534
  15259.0      0.533
  15264.0      0.532
  15269.0      0.530
  15274.0      0.529
  15279.0      0.528
  15284.0      0.527
  15289.0      0.525
  15294.0      0.524
  15299.0      0.523
  15304.0      0.522
  15309.0      0.521
  15314.0      0.520
  15319.0      0.519
  15324.0      0.518
  15329.0      0.518
  15334.0      0.517
  15339.0      0.517
  15344.0      0.516
  15349.0      0.515
  15354.0      0.515
  15359.0      0.515
  15364.0      0.515
  15369.0      0.515
  15374.0      0.515
  15379.0      0.515
  15384.0      0.515
  15389.0      0.515
  15394.0      0.515
  15399.0      0.516
  15404.0      0.516
  15409.0      0.517
  15414.0      0.517
  15419.0      0.518
  15424.0      0.519
  15429.0      0.519
  15434.0      0.520
  15439.0      0.520
  15444.0      0.521
  15449.0      0.522
  15454.0      0.523
  15459.0      0.523
  15464.0      0.524
  15469.0      0.525
  15474.0      0.526
  15479.0      0.527
  15484.0      0.527
  15489.0      0.528
  15494.0      0.528
  15499.0      0.529
  15504.0      0.529
  15509.0      0.529
  15514.0      0.530
  15519.0      0.530
  15524.0      0.530
  15529.0      0.530
  15534.0      0.530
  15539.0      0.531
  15544.0      0.531
  15549.0      0.531
  15554.0      0.530
  15559.0      0.530
  15564.0      0.531
  15569.0      0.530
  15574.0      0.530
  15579.0      0.530
  15584.0      0.530
  15589.0      0.530
  15594.0      0.530
  15599.0      0.529
  15604.0      0.529
  15609.0      0.529
  15614.0      0.529
  15619.0      0.529
  15624.0      0.529
  15629.0      0.528
  15634.0      0.528
  15639.0      0.529
  15644.0      0.528
  15649.0      0.528
  15654.0      0.528
  15659.0      0.528
  15664.0      0.528
  15669.0      0.528
  15674.0      0.529
  15679.0      0.529
  15684.0      0.529
  15689.0      0.529
  15694.0      0.529
  15699.0      0.529
  15704.0      0.529
  15709.0      0.529
  15714.0      0.529
  15719.0      0.529
  15724.0      0.529
  15729.0      0.529
  15734.0      0.529
  15739.0      0.528
  15744.0      0.528
  15749.0      0.528
  15754.0      0.528
  15759.0      0.528
  15764.0      0.528
  15769.0      0.527
  15774.0      0.527
  15779.0      0.527
  15784.0      0.526
  15789.0      0.526
  15794.0      0.526
  15799.0      0.525
  15804.0      0.525
  15809.0      0.524
  15814.0      0.524
  15819.0      0.524
  15824.0      0.524
  15829.0      0.523
  15834.0      0.523
  15839.0      0.523
  15844.0      0.522
  15849.0      0.522
  15854.0      0.521
  15859.0      0.521
  15864.0      0.521
  15869.0      0.521
  15874.0      0.520
  15879.0      0.520
  15884.0      0.519
  15889.0      0.519
  15894.0      0.519
  15899.0      0.519
  15904.0      0.519
  15909.0      0.518
  15914.0      0.518
  15919.0      0.518
  15924.0      0.518
  15929.0      0.517
  15934.0      0.517
  15939.0      0.517
  15944.0      0.517
  15949.0      0.517
  15954.0      0.516
  15959.0      0.516
  15964.0      0.515
  15969.0      0.515
  15974.0      0.514
  15979.0      0.514
  15984.0      0.513
  15989.0      0.513
  15994.0      0.512
  15999.0      0.512
  16004.0      0.511
  16009.0      0.510
  16014.0      0.509
  16019.0      0.509
  16024.0      0.508
  16029.0      0.507
  16034.0      0.506
  16039.0      0.505
  16044.0      0.504
  16049.0      0.504
  16054.0      0.503
  16059.0      0.502
  16064.0      0.501
  16069.0      0.501
  16074.0      0.500
  16079.0      0.500
  16084.0      0.499
  16089.0      0.498
  16094.0      0.498
  16099.0      0.497
  16104.0      0.497
  16109.0      0.497
  16114.0      0.496
  16119.0      0.496
  16124.0      0.496
  16129.0      0.495
  16134.0      0.495
  16139.0      0.495
  16144.0      0.495
  16149.0      0.495
  16154.0      0.495
  16159.0      0.496
  16164.0      0.496
  16169.0      0.496
  16174.0      0.496
  16179.0      0.496
  16184.0      0.497
  16189.0      0.497
  16194.0      0.497
  16199.0      0.497
  16204.0      0.497
  16209.0      0.497
  16214.0      0.497
  16219.0      0.497
  16224.0      0.497
  16229.0      0.497
  16234.0      0.497
  16239.0      0.497
  16244.0      0.496
  16249.0      0.496
  16254.0      0.495
  16259.0      0.495
  16264.0      0.494
  16269.0      0.493
  16274.0      0.492
  16279.0      0.491
  16284.0      0.490
  16289.0      0.489
  16294.0      0.488
  16299.0      0.487
  16304.0      0.486
  16309.0      0.485
  16314.0      0.483
  16319.0      0.482
  16324.0      0.480
  16329.0      0.479
  16334.0      0.477
  16339.0      0.476
  16344.0      0.474
  16349.0      0.473
  16354.0      0.472
  16359.0      0.470
  16364.0      0.469
  16369.0      0.467
  16374.0      0.466
  16379.0      0.465
  16384.0      0.464
  16389.0      0.464
  16394.0      0.464
  16399.0      0.463
  16404.0      0.463
  16409.0      0.463
  16414.0      0.463
  16419.0      0.463
  16424.0      0.464
  16429.0      0.464
  16434.0      0.465
  16439.0      0.466
  16444.0      0.466
  16449.0      0.468
  16454.0      0.469
  16459.0      0.469
  16464.0      0.471
  16469.0      0.472
  16474.0      0.473
  16479.0      0.475
  16484.0      0.476
  16489.0      0.477
  16494.0      0.478
  16499.0      0.479
  16504.0      0.481
  16509.0      0.481
  16514.0      0.482
  16519.0      0.482
  16524.0      0.483
  16529.0      0.483
  16534.0      0.482
  16539.0      0.482
  16544.0      0.482
  16549.0      0.482
  16554.0      0.481
  16559.0      0.481
  16564.0      0.480
  16569.0      0.479
  16574.0      0.478
  16579.0      0.476
  16584.0      0.475
  16589.0      0.474
  16594.0      0.473
  16599.0      0.472
  16604.0      0.470
  16609.0      0.468
  16614.0      0.467
  16619.0      0.465
  16624.0      0.463
  16629.0      0.462
  16634.0      0.461
  16639.0      0.460
  16644.0      0.459
  16649.0      0.458
  16654.0      0.458
  16659.0      0.457
  16664.0      0.456
  16669.0      0.456
  16674.0      0.456
  16679.0      0.455
  16684.0      0.454
  16689.0      0.454
  16694.0      0.453
  16699.0      0.453
  16704.0      0.453
  16709.0      0.452
  16714.0      0.451
  16719.0      0.450
  16724.0      0.449
  16729.0      0.447
  16734.0      0.446
  16739.0      0.444
  16744.0      0.442
  16749.0      0.439
  16754.0      0.437
  16759.0      0.434
  16764.0      0.432
  16769.0      0.429
  16774.0      0.426
  16779.0      0.423
  16784.0      0.420
  16789.0      0.418
  16794.0      0.416
  16799.0      0.414
  16804.0      0.411
  16809.0      0.409
  16814.0      0.407
  16819.0      0.404
  16824.0      0.402
  16829.0      0.395
  16834.0      0.389
  16839.0      0.382
  16844.0      0.375
  16849.0      0.360
  16854.0      0.343
  16859.0      0.326
  16864.0      0.310
  16869.0      0.284
  16874.0      0.258
  16879.0      0.232
  16884.0      0.206
  16889.0      0.183
  16894.0      0.160
  16899.0      0.137
  16904.0      0.114
  16909.0      0.099
  16914.0      0.085
  16919.0      0.071
  16924.0      0.058
  16929.0      0.050
  16934.0      0.043
  16939.0      0.036
  16944.0      0.029
  16949.0      0.025
  16954.0      0.022
  16959.0      0.018
  16964.0      0.015
  16969.0      0.013
  16974.0      0.012
  16979.0      0.010
  16984.0      0.008
  16989.0      0.007
  16994.0      0.006
  16999.0      0.006
  17004.0      0.005
  17009.0      0.004
  17014.0      0.004
  17019.0      0.003
  17024.0      0.003
  17029.0      0.003
  17034.0      0.002
  17039.0      0.002
  17044.0      0.002
  17049.0      0.002
  17054.0      0.001
  17059.0      0.001
  17064.0      0.001
  17069.0      0.001
  17074.0      0.001
  17079.0      0.001
  17084.0      0.001
  17089.0      0.001
  17094.0      0.001
  17099.0      0.001
  17104.0      0.000
  17109.0      0.000
  17114.0      0.000
  17119.0      0.000
  17124.0      0.000
  17129.0      0.000
  17134.0      0.000
  17139.0      0.000
  17144.0      0.000
  17149.0      0.000
  17154.0      0.000
  17159.0      0.000
  17164.0      0.000
  17169.0      0.000
  17174.0      0.000
  17179.0      0.000
  17184.0      0.000
  17189.0      0.000
  17194.0      0.000
  17199.0      0.000
  17204.0      0.000
  17209.0      0.000
  17214.0      0.000
  17219.0      0.000
  17224.0      0.000
  17229.0      0.000
  17234.0      0.000
  17239.0      0.000
  17244.0      0.000
  17249.0      0.000
  17254.0      0.000
  17259.0      0.000
  17264.0      0.000
  17269.0      0.000
  17274.0      0.000
  17279.0      0.000
  17284.0      0.000
  17289.0      0.000
  17294.0      0.000
  17299.0      0.000
  17304.0      0.000
  17309.0      0.000
  17314.0      0.000
  17319.0      0.000
  17324.0      0.000
  17329.0      0.000
  17334.0      0.000
  17339.0      0.000
  17344.0      0.000
  17349.0      0.000
  17354.0      0.000
  17359.0      0.000
  17364.0      0.000
  17369.0      0.000
  17374.0      0.000
  17379.0      0.000
  17384.0      0.000
  17389.0      0.000
  17394.0      0.000
  17399.0      0.000
  17404.0      0.000
  17409.0      0.000
  17414.0      0.000
  17419.0      0.000
  17424.0      0.000
  17429.0      0.000
  17434.0      0.000
  17439.0      0.000
  17444.0      0.000
  17449.0      0.000
  17454.0      0.000
  17459.0      0.000
  17464.0      0.000
  17469.0      0.000
  17474.0      0.000
  17479.0      0.000
  17484.0      0.000
  17489.0      0.000
  17494.0      0.000
  17499.0      0.000
  17504.0      0.000
  17509.0      0.000
  17514.0      0.000
  17519.0      0.000
  17524.0      0.000
  17529.0      0.000
  17534.0      0.000
  17539.0      0.000
  17544.0      0.000
  17549.0      0.000
  17554.0      0.000
  17559.0      0.000
  17564.0      0.000
  17569.0      0.000
  17574.0      0.000
  17579.0      0.000
  17584.0      0.000
  17589.0      0.000
  17594.0      0.000
  17599.0      0.000
  17604.0      0.000
  17609.0      0.000
  17614.0      0.000
  17619.0      0.000
  17624.0      0.000
  17629.0      0.000
  17634.0      0.000
  17639.0      0.000
  17644.0      0.000
  17649.0      0.000
  17654.0      0.000
  17659.0      0.000
  17664.0      0.000
  17669.0      0.000
  17674.0      0.000
  17679.0      0.000
  17684.0      0.000
  17689.0      0.000
  17694.0      0.000
  17699.0      0.000
  17704.0      0.000
  17709.0      0.000
  17714.0      0.000
  17719.0      0.000
  17724.0      0.000
  17729.0      0.000
  17734.0      0.000
  17739.0      0.000
  17744.0      0.000
  17749.0      0.000
  17754.0      0.000
  17759.0      0.000
  17764.0      0.000
  17769.0      0.000
  17774.0      0.000
  17779.0      0.000
  17784.0      0.000
  17789.0      0.000
  17794.0      0.000
  17799.0      0.000
  17804.0      0.000
  17809.0      0.000
  17814.0      0.000
  17819.0      0.000
  17824.0      0.000
  17829.0      0.000
  17834.0      0.000
  17839.0      0.000
  17844.0      0.000
  17849.0      0.000
  17854.0      0.000
  17859.0      0.000
  17864.0      0.000
  17869.0      0.000
  17874.0      0.000
  17879.0      0.000
  17884.0      0.000
  17889.0      0.000
  17894.0      0.000
  17899.0      0.000
  17904.0      0.000
  17909.0      0.000
  17914.0      0.000
  17919.0      0.000
  17924.0      0.000
  17929.0      0.000
  17934.0      0.000
  17939.0      0.000
  17944.0      0.000
  17949.0      0.000
  17954.0      0.000
  17959.0      0.000
  17964.0      0.000
  17969.0      0.000
  17974.0      0.000
  17979.0      0.000
  17984.0      0.000
  17989.0      0.000
  17994.0      0.000
  17999.0      0.000
  18004.0      0.000
  18009.0      0.000
  18014.0      0.000
  18019.0      0.000
  18024.0      0.000
  18029.0      0.000
  18034.0      0.000
  18039.0      0.000
  18044.0      0.000
  18049.0      0.000
