   4595.0      0.000
   4600.0      0.000
   4605.0      0.001
   4610.0      0.001
   4615.0      0.002
   4620.0      0.003
   4625.0      0.004
   4630.0      0.006
   4635.0      0.007
   4640.0      0.008
   4645.0      0.012
   4650.0      0.016
   4655.0      0.028
   4660.0      0.041
   4665.0      0.043
   4670.0      0.046
   4675.0      0.048
   4680.0      0.050
   4685.0      0.073
   4690.0      0.096
   4695.0      0.110
   4700.0      0.123
   4705.0      0.112
   4710.0      0.100
   4715.0      0.111
   4720.0      0.123
   4725.0      0.157
   4730.0      0.190
   4735.0      0.189
   4740.0      0.188
   4745.0      0.173
   4750.0      0.159
   4755.0      0.177
   4760.0      0.197
   4765.0      0.236
   4770.0      0.274
   4775.0      0.267
   4780.0      0.258
   4785.0      0.238
   4790.0      0.219
   4795.0      0.235
   4800.0      0.253
   4805.0      0.285
   4810.0      0.318
   4815.0      0.314
   4820.0      0.310
   4825.0      0.312
   4830.0      0.315
   4835.0      0.325
   4840.0      0.335
   4845.0      0.342
   4850.0      0.349
   4855.0      0.346
   4860.0      0.344
   4865.0      0.346
   4870.0      0.349
   4875.0      0.352
   4880.0      0.356
   4885.0      0.340
   4890.0      0.325
   4895.0      0.314
   4900.0      0.304
   4905.0      0.303
   4910.0      0.303
   4915.0      0.307
   4920.0      0.312
   4925.0      0.322
   4930.0      0.332
   4935.0      0.344
   4940.0      0.356
   4945.0      0.361
   4950.0      0.366
   4955.0      0.358
   4960.0      0.349
   4965.0      0.338
   4970.0      0.326
   4975.0      0.331
   4980.0      0.336
   4985.0      0.349
   4990.0      0.362
   4995.0      0.367
   5000.0      0.372
   5005.0      0.376
   5010.0      0.379
   5015.0      0.374
   5020.0      0.369
   5025.0      0.358
   5030.0      0.347
   5035.0      0.335
   5040.0      0.322
   5045.0      0.318
   5050.0      0.314
   5055.0      0.314
   5060.0      0.316
   5065.0      0.335
   5070.0      0.355
   5075.0      0.357
   5080.0      0.359
   5085.0      0.367
   5090.0      0.375
   5095.0      0.362
   5100.0      0.349
   5105.0      0.349
   5110.0      0.351
   5115.0      0.349
   5120.0      0.348
   5125.0      0.349
   5130.0      0.350
   5135.0      0.358
   5140.0      0.365
   5145.0      0.367
   5150.0      0.369
   5155.0      0.377
   5160.0      0.385
   5165.0      0.375
   5170.0      0.365
   5175.0      0.365
   5180.0      0.365
   5185.0      0.360
   5190.0      0.355
   5195.0      0.376
   5200.0      0.397
   5205.0      0.385
   5210.0      0.373
   5215.0      0.377
   5220.0      0.382
   5225.0      0.362
   5230.0      0.342
   5235.0      0.339
   5240.0      0.337
   5245.0      0.355
   5250.0      0.374
   5255.0      0.363
   5260.0      0.351
   5265.0      0.366
   5270.0      0.381
   5275.0      0.375
   5280.0      0.369
   5285.0      0.381
   5290.0      0.393
   5295.0      0.386
   5300.0      0.378
   5305.0      0.374
   5310.0      0.370
   5315.0      0.360
   5320.0      0.350
   5325.0      0.367
   5330.0      0.384
   5335.0      0.373
   5340.0      0.362
   5345.0      0.381
   5350.0      0.400
   5355.0      0.396
   5360.0      0.391
   5365.0      0.389
   5370.0      0.387
   5375.0      0.388
   5380.0      0.389
   5385.0      0.383
   5390.0      0.377
   5395.0      0.365
   5400.0      0.353
   5405.0      0.350
   5410.0      0.348
   5415.0      0.359
   5420.0      0.369
   5425.0      0.378
   5430.0      0.386
   5435.0      0.393
   5440.0      0.399
   5445.0      0.405
   5450.0      0.411
   5455.0      0.409
   5460.0      0.406
   5465.0      0.407
   5470.0      0.408
   5475.0      0.411
   5480.0      0.415
   5485.0      0.413
   5490.0      0.411
   5495.0      0.409
   5500.0      0.407
   5505.0      0.397
   5510.0      0.387
   5515.0      0.389
   5520.0      0.391
   5525.0      0.395
   5530.0      0.398
   5535.0      0.402
   5540.0      0.405
   5545.0      0.408
   5550.0      0.410
   5555.0      0.404
   5560.0      0.399
   5565.0      0.403
   5570.0      0.408
   5575.0      0.409
   5580.0      0.411
   5585.0      0.408
   5590.0      0.406
   5595.0      0.404
   5600.0      0.402
   5605.0      0.393
   5610.0      0.385
   5615.0      0.385
   5620.0      0.385
   5625.0      0.392
   5630.0      0.400
   5635.0      0.406
   5640.0      0.411
   5645.0      0.412
   5650.0      0.413
   5655.0      0.409
   5660.0      0.405
   5665.0      0.400
   5670.0      0.396
   5675.0      0.396
   5680.0      0.397
   5685.0      0.400
   5690.0      0.404
   5695.0      0.408
   5700.0      0.412
   5705.0      0.414
   5710.0      0.416
   5715.0      0.412
   5720.0      0.407
   5725.0      0.407
   5730.0      0.407
   5735.0      0.411
   5740.0      0.416
   5745.0      0.403
   5750.0      0.390
   5755.0      0.389
   5760.0      0.388
   5765.0      0.387
   5770.0      0.386
   5775.0      0.388
   5780.0      0.391
   5785.0      0.396
   5790.0      0.402
   5795.0      0.408
   5800.0      0.415
   5805.0      0.418
   5810.0      0.422
   5815.0      0.423
   5820.0      0.424
   5825.0      0.419
   5830.0      0.413
   5835.0      0.413
   5840.0      0.412
   5845.0      0.407
   5850.0      0.401
   5855.0      0.409
   5860.0      0.418
   5865.0      0.416
   5870.0      0.415
   5875.0      0.415
   5880.0      0.415
   5885.0      0.409
   5890.0      0.405
   5895.0      0.418
   5900.0      0.432
   5905.0      0.423
   5910.0      0.414
   5915.0      0.423
   5920.0      0.432
   5925.0      0.428
   5930.0      0.423
   5935.0      0.416
   5940.0      0.409
   5945.0      0.398
   5950.0      0.388
   5955.0      0.401
   5960.0      0.415
   5965.0      0.410
   5970.0      0.406
   5975.0      0.408
   5980.0      0.411
   5985.0      0.411
   5990.0      0.410
   5995.0      0.409
   6000.0      0.409
   6005.0      0.411
   6010.0      0.414
   6015.0      0.415
   6020.0      0.416
   6025.0      0.417
   6030.0      0.418
   6035.0      0.419
   6040.0      0.420
   6045.0      0.426
   6050.0      0.431
   6055.0      0.430
   6060.0      0.428
   6065.0      0.425
   6070.0      0.422
   6075.0      0.419
   6080.0      0.415
   6085.0      0.421
   6090.0      0.427
   6095.0      0.431
   6100.0      0.434
   6105.0      0.431
   6110.0      0.427
   6115.0      0.431
   6120.0      0.435
   6125.0      0.435
   6130.0      0.435
   6135.0      0.436
   6140.0      0.436
   6145.0      0.437
   6150.0      0.437
   6155.0      0.433
   6160.0      0.427
   6165.0      0.416
   6170.0      0.405
   6175.0      0.397
   6180.0      0.390
   6185.0      0.384
   6190.0      0.378
   6195.0      0.376
   6200.0      0.375
   6205.0      0.372
   6210.0      0.370
   6215.0      0.374
   6220.0      0.379
   6225.0      0.393
   6230.0      0.406
   6235.0      0.411
   6240.0      0.416
   6245.0      0.425
   6250.0      0.433
   6255.0      0.433
   6260.0      0.433
   6265.0      0.434
   6270.0      0.436
   6275.0      0.439
   6280.0      0.442
   6285.0      0.436
   6290.0      0.429
   6295.0      0.431
   6300.0      0.433
   6305.0      0.428
   6310.0      0.423
   6315.0      0.424
   6320.0      0.425
   6325.0      0.423
   6330.0      0.421
   6335.0      0.425
   6340.0      0.429
   6345.0      0.426
   6350.0      0.423
   6355.0      0.442
   6360.0      0.459
   6365.0      0.440
   6370.0      0.419
   6375.0      0.426
   6380.0      0.433
   6385.0      0.413
   6390.0      0.393
   6395.0      0.399
   6400.0      0.405
   6405.0      0.398
   6410.0      0.390
   6415.0      0.403
   6420.0      0.415
   6425.0      0.407
   6430.0      0.399
   6435.0      0.419
   6440.0      0.439
   6445.0      0.431
   6450.0      0.424
   6455.0      0.443
   6460.0      0.462
   6465.0      0.448
   6470.0      0.434
   6475.0      0.448
   6480.0      0.461
   6485.0      0.445
   6490.0      0.428
   6495.0      0.438
   6500.0      0.448
   6505.0      0.428
   6510.0      0.409
   6515.0      0.414
   6520.0      0.419
   6525.0      0.408
   6530.0      0.397
   6535.0      0.412
   6540.0      0.426
   6545.0      0.414
   6550.0      0.403
   6555.0      0.420
   6560.0      0.437
   6565.0      0.428
   6570.0      0.418
   6575.0      0.425
   6580.0      0.432
   6585.0      0.424
   6590.0      0.416
   6595.0      0.419
   6600.0      0.421
   6605.0      0.409
   6610.0      0.397
   6615.0      0.406
   6620.0      0.415
   6625.0      0.417
   6630.0      0.418
   6635.0      0.417
   6640.0      0.417
   6645.0      0.432
   6650.0      0.448
   6655.0      0.437
   6660.0      0.427
   6665.0      0.445
   6670.0      0.462
   6675.0      0.450
   6680.0      0.438
   6685.0      0.454
   6690.0      0.469
   6695.0      0.450
   6700.0      0.430
   6705.0      0.437
   6710.0      0.444
   6715.0      0.433
   6720.0      0.422
   6725.0      0.424
   6730.0      0.425
   6735.0      0.418
   6740.0      0.411
   6745.0      0.423
   6750.0      0.435
   6755.0      0.424
   6760.0      0.412
   6765.0      0.409
   6770.0      0.407
   6775.0      0.432
   6780.0      0.457
   6785.0      0.435
   6790.0      0.414
   6795.0      0.430
   6800.0      0.446
   6805.0      0.431
   6810.0      0.415
   6815.0      0.417
   6820.0      0.420
   6825.0      0.412
   6830.0      0.404
   6835.0      0.416
   6840.0      0.428
   6845.0      0.417
   6850.0      0.405
   6855.0      0.420
   6860.0      0.433
   6865.0      0.425
   6870.0      0.415
   6875.0      0.426
   6880.0      0.435
   6885.0      0.421
   6890.0      0.407
   6895.0      0.411
   6900.0      0.414
   6905.0      0.396
   6910.0      0.378
   6915.0      0.383
   6920.0      0.390
   6925.0      0.373
   6930.0      0.358
   6935.0      0.372
   6940.0      0.387
   6945.0      0.377
   6950.0      0.369
   6955.0      0.388
   6960.0      0.408
   6965.0      0.410
   6970.0      0.413
   6975.0      0.423
   6980.0      0.432
   6985.0      0.422
   6990.0      0.412
   6995.0      0.420
   7000.0      0.428
   7005.0      0.420
   7010.0      0.412
   7015.0      0.416
   7020.0      0.420
   7025.0      0.408
   7030.0      0.395
   7035.0      0.409
   7040.0      0.421
   7045.0      0.410
   7050.0      0.400
   7055.0      0.413
   7060.0      0.427
   7065.0      0.414
   7070.0      0.401
   7075.0      0.373
   7080.0      0.343
   7085.0      0.276
   7090.0      0.207
   7095.0      0.163
   7100.0      0.120
   7105.0      0.094
   7110.0      0.069
   7115.0      0.058
   7120.0      0.047
   7125.0      0.040
   7130.0      0.034
   7135.0      0.031
   7140.0      0.027
   7145.0      0.024
   7150.0      0.021
   7155.0      0.018
   7160.0      0.015
   7165.0      0.012
   7170.0      0.009
   7175.0      0.007
   7180.0      0.004
   7185.0      0.003
   7190.0      0.002
   7195.0      0.002
   7200.0      0.002
   7205.0      0.001
   7210.0      0.001
   7215.0      0.001
   7220.0      0.001
   7225.0      0.001
   7230.0      0.001
   7235.0      0.001
   7240.0      0.000
   7245.0      0.000
