   1939.0      0.000
   1944.0      0.000
   1949.0      0.000
   1954.0      0.000
   1959.0      0.000
   1964.0      0.000
   1969.0      0.000
   1974.0      0.000
   1979.0      0.000
   1984.0      0.000
   1989.0      0.000
   1994.0      0.000
   1999.0      0.000
   2004.0      0.000
   2009.0      0.000
   2014.0      0.000
   2019.0      0.000
   2024.0      0.000
   2029.0      0.000
   2034.0      0.000
   2039.0      0.000
   2044.0      0.000
   2049.0      0.000
   2054.0      0.000
   2059.0      0.000
   2064.0      0.000
   2069.0      0.000
   2074.0      0.000
   2079.0      0.000
   2084.0      0.000
   2089.0      0.000
   2094.0      0.000
   2099.0      0.000
   2104.0      0.000
   2109.0      0.000
   2114.0      0.000
   2119.0      0.000
   2124.0      0.000
   2129.0      0.000
   2134.0      0.000
   2139.0      0.000
   2144.0      0.000
   2149.0      0.000
   2154.0      0.000
   2159.0      0.000
   2164.0      0.000
   2169.0      0.000
   2174.0      0.000
   2179.0      0.000
   2184.0      0.000
   2189.0      0.000
   2194.0      0.000
   2199.0      0.000
   2204.0      0.000
   2209.0      0.000
   2214.0      0.000
   2219.0      0.000
   2224.0      0.000
   2229.0      0.000
   2234.0      0.000
   2239.0      0.000
   2244.0      0.000
   2249.0      0.000
   2254.0      0.000
   2259.0      0.000
   2264.0      0.000
   2269.0      0.000
   2274.0      0.000
   2279.0      0.000
   2284.0      0.000
   2289.0      0.000
   2294.0      0.000
   2299.0      0.000
   2304.0      0.000
   2309.0      0.000
   2314.0      0.000
   2319.0      0.000
   2324.0      0.000
   2329.0      0.000
   2334.0      0.000
   2339.0      0.000
   2344.0      0.000
   2349.0      0.000
   2354.0      0.000
   2359.0      0.000
   2364.0      0.000
   2369.0      0.000
   2374.0      0.000
   2379.0      0.000
   2384.0      0.000
   2389.0      0.000
   2394.0      0.000
   2399.0      0.000
   2404.0      0.000
   2409.0      0.000
   2414.0      0.000
   2419.0      0.000
   2424.0      0.000
   2429.0      0.000
   2434.0      0.000
   2439.0      0.000
   2444.0      0.000
   2449.0      0.000
   2454.0      0.000
   2459.0      0.000
   2464.0      0.000
   2469.0      0.000
   2474.0      0.000
   2479.0      0.000
   2484.0      0.000
   2489.0      0.000
   2494.0      0.000
   2499.0      0.000
   2504.0      0.000
   2509.0      0.000
   2514.0      0.000
   2519.0      0.000
   2524.0      0.000
   2529.0      0.000
   2534.0      0.000
   2539.0      0.000
   2544.0      0.000
   2549.0      0.000
   2554.0      0.000
   2559.0      0.000
   2564.0      0.000
   2569.0      0.000
   2574.0      0.000
   2579.0      0.000
   2584.0      0.000
   2589.0      0.000
   2594.0      0.000
   2599.0      0.000
   2604.0      0.000
   2609.0      0.000
   2614.0      0.000
   2619.0      0.000
   2624.0      0.000
   2629.0      0.000
   2634.0      0.000
   2639.0      0.000
   2644.0      0.000
   2649.0      0.000
   2654.0      0.000
   2659.0      0.000
   2664.0      0.000
   2669.0      0.000
   2674.0      0.000
   2679.0      0.000
   2684.0      0.000
   2689.0      0.000
   2694.0      0.000
   2699.0      0.000
   2704.0      0.000
   2709.0      0.000
   2714.0      0.000
   2719.0      0.000
   2724.0      0.000
   2729.0      0.000
   2734.0      0.000
   2739.0      0.000
   2744.0      0.000
   2749.0      0.000
   2754.0      0.000
   2759.0      0.000
   2764.0      0.000
   2769.0      0.000
   2774.0      0.000
   2779.0      0.000
   2784.0      0.000
   2789.0      0.000
   2794.0      0.000
   2799.0      0.000
   2804.0      0.000
   2809.0      0.000
   2814.0      0.000
   2819.0      0.000
   2824.0      0.000
   2829.0      0.000
   2834.0      0.000
   2839.0      0.000
   2844.0      0.000
   2849.0      0.000
   2854.0      0.000
   2859.0      0.000
   2864.0      0.000
   2869.0      0.000
   2874.0      0.000
   2879.0      0.000
   2884.0      0.000
   2889.0      0.000
   2894.0      0.000
   2899.0      0.000
   2904.0      0.000
   2909.0      0.000
   2914.0      0.000
   2919.0      0.000
   2924.0      0.000
   2929.0      0.000
   2934.0      0.000
   2939.0      0.000
   2944.0      0.000
   2949.0      0.000
   2954.0      0.000
   2959.0      0.000
   2964.0      0.000
   2969.0      0.000
   2974.0      0.000
   2979.0      0.000
   2984.0      0.000
   2989.0      0.000
   2994.0      0.000
   2999.0      0.000
   3004.0      0.000
   3009.0      0.000
   3014.0      0.000
   3019.0      0.000
   3024.0      0.000
   3029.0      0.000
   3034.0      0.000
   3039.0      0.000
   3044.0      0.000
   3049.0      0.000
   3054.0      0.000
   3059.0      0.000
   3064.0      0.000
   3069.0      0.000
   3074.0      0.000
   3079.0      0.000
   3084.0      0.000
   3089.0      0.000
   3094.0      0.000
   3099.0      0.000
   3104.0      0.000
   3109.0      0.000
   3114.0      0.000
   3119.0      0.000
   3124.0      0.000
   3129.0      0.000
   3134.0      0.000
   3139.0      0.000
   3144.0      0.000
   3149.0      0.000
   3154.0      0.000
   3159.0      0.000
   3164.0      0.000
   3169.0      0.000
   3174.0      0.001
   3179.0      0.001
   3184.0      0.001
   3189.0      0.002
   3194.0      0.002
   3199.0      0.003
   3204.0      0.004
   3209.0      0.005
   3214.0      0.007
   3219.0      0.008
   3224.0      0.010
   3229.0      0.013
   3234.0      0.015
   3239.0      0.018
   3244.0      0.022
   3249.0      0.025
   3254.0      0.029
   3259.0      0.032
   3264.0      0.037
   3269.0      0.041
   3274.0      0.046
   3279.0      0.051
   3284.0      0.055
   3289.0      0.060
   3294.0      0.065
   3299.0      0.071
   3304.0      0.076
   3309.0      0.081
   3314.0      0.086
   3319.0      0.091
   3324.0      0.097
   3329.0      0.102
   3334.0      0.107
   3339.0      0.112
   3344.0      0.117
   3349.0      0.121
   3354.0      0.126
   3359.0      0.130
   3364.0      0.135
   3369.0      0.139
   3374.0      0.143
   3379.0      0.147
   3384.0      0.151
   3389.0      0.154
   3394.0      0.157
   3399.0      0.160
   3404.0      0.163
   3409.0      0.165
   3414.0      0.168
   3419.0      0.170
   3424.0      0.172
   3429.0      0.174
   3434.0      0.176
   3439.0      0.178
   3444.0      0.180
   3449.0      0.181
   3454.0      0.182
   3459.0      0.184
   3464.0      0.185
   3469.0      0.187
   3474.0      0.188
   3479.0      0.188
   3484.0      0.189
   3489.0      0.190
   3494.0      0.190
   3499.0      0.191
   3504.0      0.191
   3509.0      0.192
   3514.0      0.192
   3519.0      0.193
   3524.0      0.193
   3529.0      0.194
   3534.0      0.194
   3539.0      0.194
   3544.0      0.194
   3549.0      0.194
   3554.0      0.194
   3559.0      0.194
   3564.0      0.194
   3569.0      0.194
   3574.0      0.194
   3579.0      0.194
   3584.0      0.194
   3589.0      0.193
   3594.0      0.193
   3599.0      0.193
   3604.0      0.193
   3609.0      0.194
   3614.0      0.195
   3619.0      0.196
   3624.0      0.196
   3629.0      0.197
   3634.0      0.197
   3639.0      0.198
   3644.0      0.199
   3649.0      0.199
   3654.0      0.200
   3659.0      0.200
   3664.0      0.201
   3669.0      0.201
   3674.0      0.202
   3679.0      0.202
   3684.0      0.203
   3689.0      0.203
   3694.0      0.204
   3699.0      0.204
   3704.0      0.205
   3709.0      0.205
   3714.0      0.206
   3719.0      0.206
   3724.0      0.207
   3729.0      0.207
   3734.0      0.208
   3739.0      0.208
   3744.0      0.209
   3749.0      0.209
   3754.0      0.209
   3759.0      0.210
   3764.0      0.210
   3769.0      0.211
   3774.0      0.211
   3779.0      0.211
   3784.0      0.212
   3789.0      0.212
   3794.0      0.213
   3799.0      0.213
   3804.0      0.214
   3809.0      0.214
   3814.0      0.215
   3819.0      0.216
   3824.0      0.217
   3829.0      0.218
   3834.0      0.218
   3839.0      0.219
   3844.0      0.220
   3849.0      0.221
   3854.0      0.222
   3859.0      0.223
   3864.0      0.223
   3869.0      0.224
   3874.0      0.225
   3879.0      0.226
   3884.0      0.227
   3889.0      0.227
   3894.0      0.228
   3899.0      0.229
   3904.0      0.230
   3909.0      0.231
   3914.0      0.231
   3919.0      0.232
   3924.0      0.233
   3929.0      0.234
   3934.0      0.235
   3939.0      0.236
   3944.0      0.236
   3949.0      0.237
   3954.0      0.238
   3959.0      0.238
   3964.0      0.239
   3969.0      0.240
   3974.0      0.241
   3979.0      0.242
   3984.0      0.242
   3989.0      0.243
   3994.0      0.244
   3999.0      0.245
   4004.0      0.245
   4009.0      0.245
   4014.0      0.246
   4019.0      0.246
   4024.0      0.246
   4029.0      0.247
   4034.0      0.247
   4039.0      0.247
   4044.0      0.248
   4049.0      0.248
   4054.0      0.248
   4059.0      0.249
   4064.0      0.249
   4069.0      0.250
   4074.0      0.250
   4079.0      0.250
   4084.0      0.251
   4089.0      0.251
   4094.0      0.251
   4099.0      0.252
   4104.0      0.252
   4109.0      0.252
   4114.0      0.253
   4119.0      0.253
   4124.0      0.254
   4129.0      0.254
   4134.0      0.254
   4139.0      0.254
   4144.0      0.255
   4149.0      0.255
   4154.0      0.256
   4159.0      0.256
   4164.0      0.256
   4169.0      0.257
   4174.0      0.257
   4179.0      0.257
   4184.0      0.258
   4189.0      0.258
   4194.0      0.258
   4199.0      0.259
   4204.0      0.259
   4209.0      0.259
   4214.0      0.260
   4219.0      0.260
   4224.0      0.260
   4229.0      0.261
   4234.0      0.261
   4239.0      0.261
   4244.0      0.262
   4249.0      0.262
   4254.0      0.262
   4259.0      0.263
   4264.0      0.263
   4269.0      0.263
   4274.0      0.263
   4279.0      0.264
   4284.0      0.264
   4289.0      0.264
   4294.0      0.265
   4299.0      0.265
   4304.0      0.265
   4309.0      0.265
   4314.0      0.266
   4319.0      0.266
   4324.0      0.266
   4329.0      0.266
   4334.0      0.267
   4339.0      0.267
   4344.0      0.267
   4349.0      0.267
   4354.0      0.268
   4359.0      0.268
   4364.0      0.268
   4369.0      0.269
   4374.0      0.269
   4379.0      0.269
   4384.0      0.270
   4389.0      0.270
   4394.0      0.270
   4399.0      0.270
   4404.0      0.270
   4409.0      0.271
   4414.0      0.271
   4419.0      0.271
   4424.0      0.271
   4429.0      0.272
   4434.0      0.272
   4439.0      0.272
   4444.0      0.273
   4449.0      0.273
   4454.0      0.273
   4459.0      0.273
   4464.0      0.274
   4469.0      0.274
   4474.0      0.275
   4479.0      0.275
   4484.0      0.275
   4489.0      0.275
   4494.0      0.276
   4499.0      0.276
   4504.0      0.276
   4509.0      0.276
   4514.0      0.276
   4519.0      0.277
   4524.0      0.277
   4529.0      0.277
   4534.0      0.277
   4539.0      0.277
   4544.0      0.277
   4549.0      0.278
   4554.0      0.278
   4559.0      0.278
   4564.0      0.278
   4569.0      0.278
   4574.0      0.278
   4579.0      0.279
   4584.0      0.279
   4589.0      0.279
   4594.0      0.279
   4599.0      0.279
   4604.0      0.279
   4609.0      0.280
   4614.0      0.280
   4619.0      0.280
   4624.0      0.280
   4629.0      0.280
   4634.0      0.280
   4639.0      0.280
   4644.0      0.280
   4649.0      0.281
   4654.0      0.281
   4659.0      0.281
   4664.0      0.281
   4669.0      0.281
   4674.0      0.281
   4679.0      0.281
   4684.0      0.281
   4689.0      0.282
   4694.0      0.282
   4699.0      0.282
   4704.0      0.282
   4709.0      0.282
   4714.0      0.282
   4719.0      0.282
   4724.0      0.282
   4729.0      0.283
   4734.0      0.283
   4739.0      0.283
   4744.0      0.283
   4749.0      0.283
   4754.0      0.283
   4759.0      0.283
   4764.0      0.283
   4769.0      0.283
   4774.0      0.284
   4779.0      0.284
   4784.0      0.284
   4789.0      0.284
   4794.0      0.284
   4799.0      0.284
   4804.0      0.284
   4809.0      0.284
   4814.0      0.284
   4819.0      0.285
   4824.0      0.285
   4829.0      0.285
   4834.0      0.285
   4839.0      0.285
   4844.0      0.285
   4849.0      0.285
   4854.0      0.285
   4859.0      0.285
   4864.0      0.285
   4869.0      0.285
   4874.0      0.286
   4879.0      0.286
   4884.0      0.286
   4889.0      0.286
   4894.0      0.286
   4899.0      0.286
   4904.0      0.286
   4909.0      0.286
   4914.0      0.286
   4919.0      0.286
   4924.0      0.287
   4929.0      0.287
   4934.0      0.287
   4939.0      0.287
   4944.0      0.287
   4949.0      0.287
   4954.0      0.287
   4959.0      0.287
   4964.0      0.287
   4969.0      0.287
   4974.0      0.287
   4979.0      0.287
   4984.0      0.287
   4989.0      0.287
   4994.0      0.287
   4999.0      0.288
   5004.0      0.288
   5009.0      0.288
   5014.0      0.288
   5019.0      0.288
   5024.0      0.288
   5029.0      0.288
   5034.0      0.288
   5039.0      0.288
   5044.0      0.288
   5049.0      0.288
   5054.0      0.288
   5059.0      0.288
   5064.0      0.288
   5069.0      0.288
   5074.0      0.288
   5079.0      0.288
   5084.0      0.288
   5089.0      0.288
   5094.0      0.288
   5099.0      0.288
   5104.0      0.288
   5109.0      0.288
   5114.0      0.288
   5119.0      0.288
   5124.0      0.288
   5129.0      0.288
   5134.0      0.288
   5139.0      0.288
   5144.0      0.288
   5149.0      0.288
   5154.0      0.288
   5159.0      0.288
   5164.0      0.288
   5169.0      0.288
   5174.0      0.288
   5179.0      0.288
   5184.0      0.288
   5189.0      0.288
   5194.0      0.288
   5199.0      0.288
   5204.0      0.288
   5209.0      0.288
   5214.0      0.288
   5219.0      0.288
   5224.0      0.288
   5229.0      0.288
   5234.0      0.288
   5239.0      0.288
   5244.0      0.288
   5249.0      0.288
   5254.0      0.288
   5259.0      0.288
   5264.0      0.288
   5269.0      0.288
   5274.0      0.288
   5279.0      0.288
   5284.0      0.288
   5289.0      0.288
   5294.0      0.288
   5299.0      0.288
   5304.0      0.288
   5309.0      0.288
   5314.0      0.288
   5319.0      0.288
   5324.0      0.288
   5329.0      0.288
   5334.0      0.288
   5339.0      0.288
   5344.0      0.288
   5349.0      0.288
   5354.0      0.288
   5359.0      0.288
   5364.0      0.288
   5369.0      0.288
   5374.0      0.288
   5379.0      0.288
   5384.0      0.288
   5389.0      0.288
   5394.0      0.288
   5399.0      0.288
   5404.0      0.288
   5409.0      0.288
   5414.0      0.288
   5419.0      0.288
   5424.0      0.288
   5429.0      0.288
   5434.0      0.287
   5439.0      0.287
   5444.0      0.287
   5449.0      0.287
   5454.0      0.287
   5459.0      0.287
   5464.0      0.287
   5469.0      0.287
   5474.0      0.287
   5479.0      0.287
   5484.0      0.287
   5489.0      0.287
   5494.0      0.287
   5499.0      0.287
   5504.0      0.287
   5509.0      0.287
   5514.0      0.287
   5519.0      0.287
   5524.0      0.287
   5529.0      0.287
   5534.0      0.287
   5539.0      0.287
   5544.0      0.287
   5549.0      0.287
   5554.0      0.287
   5559.0      0.287
   5564.0      0.287
   5569.0      0.287
   5574.0      0.287
   5579.0      0.287
   5584.0      0.287
   5589.0      0.287
   5594.0      0.287
   5599.0      0.287
   5604.0      0.287
   5609.0      0.286
   5614.0      0.286
   5619.0      0.287
   5624.0      0.287
   5629.0      0.287
   5634.0      0.286
   5639.0      0.286
   5644.0      0.286
   5649.0      0.286
   5654.0      0.286
   5659.0      0.286
   5664.0      0.286
   5669.0      0.286
   5674.0      0.286
   5679.0      0.286
   5684.0      0.286
   5689.0      0.286
   5694.0      0.286
   5699.0      0.286
   5704.0      0.286
   5709.0      0.285
   5714.0      0.285
   5719.0      0.285
   5724.0      0.285
   5729.0      0.285
   5734.0      0.285
   5739.0      0.285
   5744.0      0.285
   5749.0      0.285
   5754.0      0.285
   5759.0      0.284
   5764.0      0.284
   5769.0      0.284
   5774.0      0.284
   5779.0      0.284
   5784.0      0.284
   5789.0      0.284
   5794.0      0.284
   5799.0      0.284
   5804.0      0.284
   5809.0      0.284
   5814.0      0.284
   5819.0      0.284
   5824.0      0.283
   5829.0      0.283
   5834.0      0.283
   5839.0      0.283
   5844.0      0.283
   5849.0      0.283
   5854.0      0.283
   5859.0      0.283
   5864.0      0.283
   5869.0      0.283
   5874.0      0.283
   5879.0      0.283
   5884.0      0.283
   5889.0      0.283
   5894.0      0.283
   5899.0      0.282
   5904.0      0.282
   5909.0      0.282
   5914.0      0.282
   5919.0      0.282
   5924.0      0.282
   5929.0      0.282
   5934.0      0.282
   5939.0      0.282
   5944.0      0.282
   5949.0      0.282
   5954.0      0.282
   5959.0      0.282
   5964.0      0.282
   5969.0      0.282
   5974.0      0.281
   5979.0      0.281
   5984.0      0.281
   5989.0      0.281
   5994.0      0.281
   5999.0      0.281
   6004.0      0.281
   6009.0      0.281
   6014.0      0.281
   6019.0      0.281
   6024.0      0.281
   6029.0      0.282
   6034.0      0.281
   6039.0      0.281
   6044.0      0.281
   6049.0      0.281
   6054.0      0.281
   6059.0      0.281
   6064.0      0.282
   6069.0      0.282
   6074.0      0.282
   6079.0      0.282
   6084.0      0.282
   6089.0      0.282
   6094.0      0.282
   6099.0      0.281
   6104.0      0.281
   6109.0      0.282
   6114.0      0.282
   6119.0      0.282
   6124.0      0.282
   6129.0      0.282
   6134.0      0.282
   6139.0      0.282
   6144.0      0.282
   6149.0      0.282
   6154.0      0.282
   6159.0      0.282
   6164.0      0.282
   6169.0      0.282
   6174.0      0.282
   6179.0      0.282
   6184.0      0.282
   6189.0      0.282
   6194.0      0.282
   6199.0      0.282
   6204.0      0.282
   6209.0      0.282
   6214.0      0.282
   6219.0      0.282
   6224.0      0.282
   6229.0      0.282
   6234.0      0.282
   6239.0      0.282
   6244.0      0.282
   6249.0      0.282
   6254.0      0.282
   6259.0      0.282
   6264.0      0.282
   6269.0      0.282
   6274.0      0.282
   6279.0      0.282
   6284.0      0.282
   6289.0      0.282
   6294.0      0.282
   6299.0      0.282
   6304.0      0.282
   6309.0      0.282
   6314.0      0.282
   6319.0      0.282
   6324.0      0.283
   6329.0      0.283
   6334.0      0.282
   6339.0      0.282
   6344.0      0.282
   6349.0      0.282
   6354.0      0.282
   6359.0      0.282
   6364.0      0.283
   6369.0      0.283
   6374.0      0.283
   6379.0      0.282
   6384.0      0.282
   6389.0      0.283
   6394.0      0.283
   6399.0      0.283
   6404.0      0.283
   6409.0      0.283
   6414.0      0.283
   6419.0      0.282
   6424.0      0.283
   6429.0      0.283
   6434.0      0.283
   6439.0      0.283
   6444.0      0.283
   6449.0      0.283
   6454.0      0.282
   6459.0      0.282
   6464.0      0.282
   6469.0      0.282
   6474.0      0.282
   6479.0      0.282
   6484.0      0.282
   6489.0      0.282
   6494.0      0.282
   6499.0      0.282
   6504.0      0.282
   6509.0      0.282
   6514.0      0.281
   6519.0      0.281
   6524.0      0.281
   6529.0      0.281
   6534.0      0.280
   6539.0      0.280
   6544.0      0.280
   6549.0      0.280
   6554.0      0.279
   6559.0      0.279
   6564.0      0.279
   6569.0      0.278
   6574.0      0.278
   6579.0      0.278
   6584.0      0.278
   6589.0      0.277
   6594.0      0.277
   6599.0      0.277
   6604.0      0.276
   6609.0      0.276
   6614.0      0.276
   6619.0      0.276
   6624.0      0.275
   6629.0      0.275
   6634.0      0.275
   6639.0      0.274
   6644.0      0.274
   6649.0      0.274
   6654.0      0.274
   6659.0      0.273
   6664.0      0.273
   6669.0      0.272
   6674.0      0.272
   6679.0      0.272
   6684.0      0.272
   6689.0      0.271
   6694.0      0.271
   6699.0      0.271
   6704.0      0.270
   6709.0      0.270
   6714.0      0.270
   6719.0      0.269
   6724.0      0.269
   6729.0      0.268
   6734.0      0.268
   6739.0      0.268
   6744.0      0.268
   6749.0      0.267
   6754.0      0.267
   6759.0      0.266
   6764.0      0.266
   6769.0      0.266
   6774.0      0.266
   6779.0      0.265
   6784.0      0.265
   6789.0      0.264
   6794.0      0.264
   6799.0      0.264
   6804.0      0.264
   6809.0      0.263
   6814.0      0.263
   6819.0      0.263
   6824.0      0.262
   6829.0      0.262
   6834.0      0.262
   6839.0      0.261
   6844.0      0.261
   6849.0      0.261
   6854.0      0.260
   6859.0      0.260
   6864.0      0.260
   6869.0      0.259
   6874.0      0.259
   6879.0      0.259
   6884.0      0.259
   6889.0      0.258
   6894.0      0.258
   6899.0      0.258
   6904.0      0.257
   6909.0      0.257
   6914.0      0.257
   6919.0      0.256
   6924.0      0.256
   6929.0      0.256
   6934.0      0.255
   6939.0      0.255
   6944.0      0.255
   6949.0      0.255
   6954.0      0.254
   6959.0      0.254
   6964.0      0.254
   6969.0      0.254
   6974.0      0.253
   6979.0      0.253
   6984.0      0.252
   6989.0      0.252
   6994.0      0.252
   6999.0      0.252
   7004.0      0.251
   7009.0      0.251
   7014.0      0.250
   7019.0      0.250
   7024.0      0.249
   7029.0      0.249
   7034.0      0.249
   7039.0      0.248
   7044.0      0.248
   7049.0      0.247
   7054.0      0.247
   7059.0      0.246
   7064.0      0.246
   7069.0      0.245
   7074.0      0.245
   7079.0      0.244
   7084.0      0.244
   7089.0      0.244
   7094.0      0.243
   7099.0      0.242
   7104.0      0.242
   7109.0      0.242
   7114.0      0.241
   7119.0      0.241
   7124.0      0.240
   7129.0      0.240
   7134.0      0.239
   7139.0      0.239
   7144.0      0.238
   7149.0      0.238
   7154.0      0.237
   7159.0      0.237
   7164.0      0.237
   7169.0      0.236
   7174.0      0.236
   7179.0      0.235
   7184.0      0.235
   7189.0      0.234
   7194.0      0.234
   7199.0      0.233
   7204.0      0.233
   7209.0      0.232
   7214.0      0.232
   7219.0      0.231
   7224.0      0.231
   7229.0      0.231
   7234.0      0.230
   7239.0      0.230
   7244.0      0.229
   7249.0      0.229
   7254.0      0.228
   7259.0      0.228
   7264.0      0.227
   7269.0      0.227
   7274.0      0.226
   7279.0      0.226
   7284.0      0.225
   7289.0      0.225
   7294.0      0.224
   7299.0      0.224
   7304.0      0.223
   7309.0      0.223
   7314.0      0.222
   7319.0      0.222
   7324.0      0.221
   7329.0      0.221
   7334.0      0.220
   7339.0      0.220
   7344.0      0.219
   7349.0      0.219
   7354.0      0.218
   7359.0      0.218
   7364.0      0.217
   7369.0      0.217
   7374.0      0.216
   7379.0      0.216
   7384.0      0.216
   7389.0      0.215
   7394.0      0.215
   7399.0      0.214
   7404.0      0.214
   7409.0      0.213
   7414.0      0.213
   7419.0      0.212
   7424.0      0.212
   7429.0      0.211
   7434.0      0.211
   7439.0      0.211
   7444.0      0.210
   7449.0      0.210
   7454.0      0.209
   7459.0      0.209
   7464.0      0.208
   7469.0      0.208
   7474.0      0.208
   7479.0      0.207
   7484.0      0.207
   7489.0      0.206
   7494.0      0.206
   7499.0      0.206
   7504.0      0.205
   7509.0      0.205
   7514.0      0.204
   7519.0      0.204
   7524.0      0.204
   7529.0      0.203
   7534.0      0.203
   7539.0      0.202
   7544.0      0.202
   7549.0      0.201
   7554.0      0.201
   7559.0      0.200
   7564.0      0.200
   7569.0      0.200
   7574.0      0.199
   7579.0      0.199
   7584.0      0.198
   7589.0      0.198
   7594.0      0.197
   7599.0      0.197
   7604.0      0.197
   7609.0      0.196
   7614.0      0.196
   7619.0      0.195
   7624.0      0.195
   7629.0      0.195
   7634.0      0.194
   7639.0      0.193
   7644.0      0.193
   7649.0      0.193
   7654.0      0.192
   7659.0      0.191
   7664.0      0.191
   7669.0      0.190
   7674.0      0.190
   7679.0      0.189
   7684.0      0.189
   7689.0      0.188
   7694.0      0.188
   7699.0      0.187
   7704.0      0.187
   7709.0      0.186
   7714.0      0.186
   7719.0      0.185
   7724.0      0.185
   7729.0      0.184
   7734.0      0.184
   7739.0      0.183
   7744.0      0.183
   7749.0      0.182
   7754.0      0.182
   7759.0      0.181
   7764.0      0.181
   7769.0      0.180
   7774.0      0.180
   7779.0      0.179
   7784.0      0.179
   7789.0      0.178
   7794.0      0.178
   7799.0      0.177
   7804.0      0.177
   7809.0      0.176
   7814.0      0.176
   7819.0      0.175
   7824.0      0.175
   7829.0      0.174
   7834.0      0.174
   7839.0      0.173
   7844.0      0.173
   7849.0      0.172
   7854.0      0.172
   7859.0      0.172
   7864.0      0.171
   7869.0      0.171
   7874.0      0.171
   7879.0      0.170
   7884.0      0.170
   7889.0      0.169
   7894.0      0.169
   7899.0      0.168
   7904.0      0.168
   7909.0      0.168
   7914.0      0.167
   7919.0      0.167
   7924.0      0.166
   7929.0      0.166
   7934.0      0.166
   7939.0      0.165
   7944.0      0.165
   7949.0      0.164
   7954.0      0.164
   7959.0      0.164
   7964.0      0.163
   7969.0      0.163
   7974.0      0.162
   7979.0      0.162
   7984.0      0.162
   7989.0      0.161
   7994.0      0.161
   7999.0      0.160
   8004.0      0.160
   8009.0      0.160
   8014.0      0.159
   8019.0      0.159
   8024.0      0.158
   8029.0      0.158
   8034.0      0.158
   8039.0      0.157
   8044.0      0.157
   8049.0      0.156
   8054.0      0.156
   8059.0      0.155
   8064.0      0.155
   8069.0      0.155
   8074.0      0.154
   8079.0      0.154
   8084.0      0.153
   8089.0      0.153
   8094.0      0.153
   8099.0      0.152
   8104.0      0.152
   8109.0      0.151
   8114.0      0.151
   8119.0      0.150
   8124.0      0.150
   8129.0      0.150
   8134.0      0.149
   8139.0      0.149
   8144.0      0.148
   8149.0      0.148
   8154.0      0.148
   8159.0      0.147
   8164.0      0.147
   8169.0      0.146
   8174.0      0.146
   8179.0      0.146
   8184.0      0.145
   8189.0      0.145
   8194.0      0.144
   8199.0      0.144
   8204.0      0.143
   8209.0      0.143
   8214.0      0.143
   8219.0      0.142
   8224.0      0.142
   8229.0      0.142
   8234.0      0.141
   8239.0      0.141
   8244.0      0.140
   8249.0      0.140
   8254.0      0.140
   8259.0      0.139
   8264.0      0.139
   8269.0      0.139
   8274.0      0.138
   8279.0      0.138
   8284.0      0.138
   8289.0      0.137
   8294.0      0.137
   8299.0      0.137
   8304.0      0.136
   8309.0      0.136
   8314.0      0.136
   8319.0      0.135
   8324.0      0.135
   8329.0      0.134
   8334.0      0.134
   8339.0      0.134
   8344.0      0.133
   8349.0      0.133
   8354.0      0.133
   8359.0      0.132
   8364.0      0.132
   8369.0      0.132
   8374.0      0.131
   8379.0      0.131
   8384.0      0.131
   8389.0      0.130
   8394.0      0.130
   8399.0      0.130
   8404.0      0.129
   8409.0      0.129
   8414.0      0.129
   8419.0      0.128
   8424.0      0.128
   8429.0      0.128
   8434.0      0.127
   8439.0      0.127
   8444.0      0.127
   8449.0      0.127
   8454.0      0.127
   8459.0      0.126
   8464.0      0.126
   8469.0      0.126
   8474.0      0.125
   8479.0      0.125
   8484.0      0.125
   8489.0      0.125
   8494.0      0.125
   8499.0      0.125
   8504.0      0.125
   8509.0      0.125
   8514.0      0.124
   8519.0      0.124
   8524.0      0.123
   8529.0      0.123
   8534.0      0.122
   8539.0      0.122
   8544.0      0.122
   8549.0      0.122
   8554.0      0.121
   8559.0      0.121
   8564.0      0.120
   8569.0      0.120
   8574.0      0.120
   8579.0      0.120
   8584.0      0.120
   8589.0      0.119
   8594.0      0.118
   8599.0      0.118
   8604.0      0.118
   8609.0      0.117
   8614.0      0.117
   8619.0      0.117
   8624.0      0.117
   8629.0      0.116
   8634.0      0.116
   8639.0      0.115
   8644.0      0.115
   8649.0      0.115
   8654.0      0.115
   8659.0      0.115
   8664.0      0.114
   8669.0      0.114
   8674.0      0.114
   8679.0      0.114
   8684.0      0.114
   8689.0      0.113
   8694.0      0.113
   8699.0      0.113
   8704.0      0.112
   8709.0      0.112
   8714.0      0.112
   8719.0      0.112
   8724.0      0.112
   8729.0      0.111
   8734.0      0.111
   8739.0      0.111
   8744.0      0.111
   8749.0      0.110
   8754.0      0.110
   8759.0      0.110
   8764.0      0.110
   8769.0      0.109
   8774.0      0.109
   8779.0      0.109
   8784.0      0.108
   8789.0      0.108
   8794.0      0.108
   8799.0      0.108
   8804.0      0.107
   8809.0      0.107
   8814.0      0.106
   8819.0      0.106
   8824.0      0.106
   8829.0      0.105
   8834.0      0.105
   8839.0      0.105
   8844.0      0.105
   8849.0      0.105
   8854.0      0.105
   8859.0      0.104
   8864.0      0.104
   8869.0      0.103
   8874.0      0.103
   8879.0      0.103
   8884.0      0.103
   8889.0      0.103
   8894.0      0.102
   8899.0      0.102
   8904.0      0.102
   8909.0      0.101
   8914.0      0.101
   8919.0      0.100
   8924.0      0.100
   8929.0      0.100
   8934.0      0.100
   8939.0      0.100
   8944.0      0.099
   8949.0      0.099
   8954.0      0.099
   8959.0      0.098
   8964.0      0.098
   8969.0      0.098
   8974.0      0.098
   8979.0      0.097
   8984.0      0.097
   8989.0      0.096
   8994.0      0.096
   8999.0      0.096
   9004.0      0.096
   9009.0      0.095
   9014.0      0.095
   9019.0      0.095
   9024.0      0.094
   9029.0      0.094
   9034.0      0.094
   9039.0      0.093
   9044.0      0.093
   9049.0      0.093
   9054.0      0.092
   9059.0      0.092
   9064.0      0.091
   9069.0      0.091
   9074.0      0.090
   9079.0      0.090
   9084.0      0.090
   9089.0      0.090
   9094.0      0.089
   9099.0      0.089
   9104.0      0.089
   9109.0      0.088
   9114.0      0.088
   9119.0      0.088
   9124.0      0.087
   9129.0      0.087
   9134.0      0.086
   9139.0      0.086
   9144.0      0.086
   9149.0      0.085
   9154.0      0.085
   9159.0      0.085
   9164.0      0.084
   9169.0      0.084
   9174.0      0.084
   9179.0      0.083
   9184.0      0.083
   9189.0      0.083
   9194.0      0.082
   9199.0      0.082
   9204.0      0.081
   9209.0      0.081
   9214.0      0.081
   9219.0      0.080
   9224.0      0.080
   9229.0      0.079
   9234.0      0.079
   9239.0      0.079
   9244.0      0.078
   9249.0      0.078
   9254.0      0.077
   9259.0      0.077
   9264.0      0.077
   9269.0      0.076
   9274.0      0.076
   9279.0      0.075
   9284.0      0.075
   9289.0      0.075
   9294.0      0.074
   9299.0      0.074
   9304.0      0.074
   9309.0      0.073
   9314.0      0.073
   9319.0      0.072
   9324.0      0.072
   9329.0      0.071
   9334.0      0.071
   9339.0      0.071
   9344.0      0.070
   9349.0      0.070
   9354.0      0.069
   9359.0      0.069
   9364.0      0.069
   9369.0      0.068
   9374.0      0.068
   9379.0      0.067
   9384.0      0.067
   9389.0      0.066
   9394.0      0.066
   9399.0      0.066
   9404.0      0.065
   9409.0      0.065
   9414.0      0.064
   9419.0      0.064
   9424.0      0.063
   9429.0      0.063
   9434.0      0.062
   9439.0      0.062
   9444.0      0.062
   9449.0      0.061
   9454.0      0.061
   9459.0      0.060
   9464.0      0.060
   9469.0      0.059
   9474.0      0.059
   9479.0      0.058
   9484.0      0.058
   9489.0      0.058
   9494.0      0.057
   9499.0      0.057
   9504.0      0.056
   9509.0      0.056
   9514.0      0.056
   9519.0      0.055
   9524.0      0.055
   9529.0      0.055
   9534.0      0.055
   9539.0      0.054
   9544.0      0.054
   9549.0      0.054
   9554.0      0.053
   9559.0      0.053
   9564.0      0.053
   9569.0      0.053
   9574.0      0.052
   9579.0      0.052
   9584.0      0.052
   9589.0      0.051
   9594.0      0.051
   9599.0      0.051
   9604.0      0.051
   9609.0      0.050
   9614.0      0.050
   9619.0      0.050
   9624.0      0.049
   9629.0      0.049
   9634.0      0.049
   9639.0      0.048
   9644.0      0.048
   9649.0      0.048
   9654.0      0.047
   9659.0      0.047
   9664.0      0.047
   9669.0      0.047
   9674.0      0.046
   9679.0      0.046
   9684.0      0.046
   9689.0      0.045
   9694.0      0.045
   9699.0      0.045
   9704.0      0.044
   9709.0      0.044
   9714.0      0.044
   9719.0      0.043
   9724.0      0.043
   9729.0      0.043
   9734.0      0.042
   9739.0      0.042
   9744.0      0.042
   9749.0      0.041
   9754.0      0.041
   9759.0      0.041
   9764.0      0.041
   9769.0      0.040
   9774.0      0.040
   9779.0      0.040
   9784.0      0.039
   9789.0      0.039
   9794.0      0.039
   9799.0      0.038
   9804.0      0.038
   9809.0      0.038
   9814.0      0.037
   9819.0      0.037
   9824.0      0.037
   9829.0      0.036
   9834.0      0.036
   9839.0      0.036
   9844.0      0.035
   9849.0      0.035
   9854.0      0.035
   9859.0      0.034
   9864.0      0.034
   9869.0      0.034
   9874.0      0.033
   9879.0      0.033
   9884.0      0.033
   9889.0      0.032
   9894.0      0.032
   9899.0      0.032
   9904.0      0.031
   9909.0      0.031
   9914.0      0.030
   9919.0      0.030
   9924.0      0.030
   9929.0      0.029
   9934.0      0.029
   9939.0      0.029
   9944.0      0.028
   9949.0      0.028
   9954.0      0.028
   9959.0      0.027
   9964.0      0.027
   9969.0      0.027
   9974.0      0.026
   9979.0      0.026
   9984.0      0.026
   9989.0      0.025
   9994.0      0.025
   9999.0      0.025
  10004.0      0.024
  10009.0      0.024
  10014.0      0.024
  10019.0      0.023
  10024.0      0.023
  10029.0      0.023
  10034.0      0.023
  10039.0      0.022
  10044.0      0.022
  10049.0      0.022
  10054.0      0.021
  10059.0      0.021
  10064.0      0.021
  10069.0      0.020
  10074.0      0.020
  10079.0      0.020
  10084.0      0.020
  10089.0      0.019
  10094.0      0.019
  10099.0      0.019
  10104.0      0.018
  10109.0      0.018
  10114.0      0.018
  10119.0      0.018
  10124.0      0.017
  10129.0      0.017
  10134.0      0.017
  10139.0      0.016
  10144.0      0.016
  10149.0      0.016
  10154.0      0.015
  10159.0      0.015
  10164.0      0.015
  10169.0      0.015
  10174.0      0.014
  10179.0      0.014
  10184.0      0.014
  10189.0      0.013
  10194.0      0.013
  10199.0      0.013
  10204.0      0.013
  10209.0      0.012
  10214.0      0.012
  10219.0      0.012
  10224.0      0.012
  10229.0      0.012
  10234.0      0.012
  10239.0      0.011
  10244.0      0.011
  10249.0      0.011
  10254.0      0.011
  10259.0      0.011
  10264.0      0.011
  10269.0      0.010
  10274.0      0.010
  10279.0      0.010
  10284.0      0.010
  10289.0      0.010
  10294.0      0.010
  10299.0      0.009
  10304.0      0.009
  10309.0      0.009
  10314.0      0.009
  10319.0      0.009
  10324.0      0.009
  10329.0      0.008
  10334.0      0.008
  10339.0      0.008
  10344.0      0.008
  10349.0      0.008
  10354.0      0.008
  10359.0      0.007
  10364.0      0.007
  10369.0      0.007
  10374.0      0.007
  10379.0      0.007
  10384.0      0.007
  10389.0      0.007
  10394.0      0.006
  10399.0      0.006
  10404.0      0.006
  10409.0      0.006
  10414.0      0.006
  10419.0      0.006
  10424.0      0.006
  10429.0      0.006
  10434.0      0.006
  10439.0      0.005
  10444.0      0.005
  10449.0      0.005
  10454.0      0.005
  10459.0      0.005
  10464.0      0.005
  10469.0      0.005
  10474.0      0.005
  10479.0      0.005
  10484.0      0.005
  10489.0      0.005
  10494.0      0.005
  10499.0      0.005
  10504.0      0.004
  10509.0      0.004
  10514.0      0.004
  10519.0      0.004
  10524.0      0.004
  10529.0      0.004
  10534.0      0.004
  10539.0      0.004
  10544.0      0.004
  10549.0      0.004
  10554.0      0.004
  10559.0      0.004
  10564.0      0.003
  10569.0      0.003
  10574.0      0.003
  10579.0      0.003
  10584.0      0.003
  10589.0      0.003
  10594.0      0.003
  10599.0      0.003
  10604.0      0.003
  10609.0      0.003
  10614.0      0.003
  10619.0      0.003
  10624.0      0.003
  10629.0      0.003
  10634.0      0.003
  10639.0      0.003
  10644.0      0.003
  10649.0      0.003
  10654.0      0.003
  10659.0      0.002
  10664.0      0.002
  10669.0      0.002
  10674.0      0.002
  10679.0      0.002
  10684.0      0.002
  10689.0      0.002
  10694.0      0.002
  10699.0      0.002
  10704.0      0.002
  10709.0      0.002
  10714.0      0.002
  10719.0      0.002
  10724.0      0.002
  10729.0      0.002
  10734.0      0.002
  10739.0      0.002
  10744.0      0.002
  10749.0      0.002
  10754.0      0.002
  10759.0      0.002
  10764.0      0.002
  10769.0      0.002
  10774.0      0.002
  10779.0      0.002
  10784.0      0.002
  10789.0      0.002
  10794.0      0.002
  10799.0      0.002
  10804.0      0.002
  10809.0      0.002
  10814.0      0.001
  10819.0      0.001
  10824.0      0.001
  10829.0      0.001
  10834.0      0.001
  10839.0      0.001
  10844.0      0.001
  10849.0      0.001
  10854.0      0.001
  10859.0      0.001
  10864.0      0.001
  10869.0      0.001
  10874.0      0.001
  10879.0      0.001
  10884.0      0.001
  10889.0      0.001
  10894.0      0.001
  10899.0      0.001
  10904.0      0.001
  10909.0      0.001
  10914.0      0.001
  10919.0      0.001
  10924.0      0.001
  10929.0      0.001
  10934.0      0.001
  10939.0      0.001
  10944.0      0.001
  10949.0      0.001
  10954.0      0.001
  10959.0      0.001
  10964.0      0.001
  10969.0      0.001
  10974.0      0.001
  10979.0      0.001
  10984.0      0.001
  10989.0      0.001
  10994.0      0.001
  10999.0      0.001
  11004.0      0.000
  11009.0      0.000
  11014.0      0.000
  11019.0      0.000
  11024.0      0.000
  11029.0      0.000
  11034.0      0.000
  11039.0      0.000
  11044.0      0.000
  11049.0      0.000
