3700.  0.
3720.  0.001510879
3740.  0.003025885
3760.  0.003052406
3780.  0.003838968
3800.  0.005056476
3820.  0.005688478
3840.  0.005735172
3860.  0.006394625
3880.  0.01018263
3900.  0.02491614
3920.  0.06208474
3940.  0.1275687
3960.  0.2109906
3980.  0.2906457
4000.  0.3508584
4020.  0.3965497
4040.  0.4274238
4060.  0.4471608
4080.  0.4536155
4100.  0.4606227
4120.  0.4718691
4140.  0.4868048
4160.  0.5021786
4180.  0.509761
4200.  0.5102835
4220.  0.5155132
4240.  0.5260151
4260.  0.5428937
4280.  0.5550303
4300.  0.5602499
4320.  0.5637722
4340.  0.5689555
4360.  0.5785912
4380.  0.5803111
4400.  0.5802825
4420.  0.5785525
4440.  0.5835953
4460.  0.5907646
4480.  0.598282
4500.  0.6011537
4520.  0.6012569
4540.  0.6058147
4560.  0.6138631
4580.  0.6210905
4600.  0.6227073
4620.  0.6252518
4640.  0.6287964
4660.  0.6371304
4680.  0.6484331
4700.  0.6611165
4720.  0.6691384
4740.  0.6725358
4760.  0.6755738
4780.  0.6790008
4800.  0.684373
4820.  0.6917632
4840.  0.6962059
4860.  0.6940541
4880.  0.6940618
4900.  0.6945058
4920.  0.6946338
4940.  0.6959172
4960.  0.6999971
4980.  0.7038613
5000.  0.7075391
5020.  0.7097962
5040.  0.7096958
5060.  0.709773
5080.  0.709565
5100.  0.7122435
5120.  0.7113371
5140.  0.7127135
5160.  0.7116027
5180.  0.7099806
5200.  0.7055398
5220.  0.7005281
5240.  0.6999015
5260.  0.7021903
5280.  0.7061322
5300.  0.711095
5320.  0.7167271
5340.  0.721261
5360.  0.7222592
5380.  0.72352
5400.  0.7184076
5420.  0.7017707
5440.  0.6638361
5460.  0.5918344
5480.  0.4768472
5500.  0.3323196
5520.  0.1965116
5540.  0.1026286
5560.  0.05073753
5580.  0.02528824
5600.  0.01297871
5620.  0.007012672
5640.  0.003916829
5660.  0.002225252
5680.  0.00124885
5700.  6.310265E-4
5720.  2.321337E-4
5740.  0.
