6740.  0.
6760.  4.062188E-4
6780.  0.002612813
6800.  0.005596678
6820.  0.01758583
6840.  0.03203455
6860.  0.06486098
6880.  0.09452004
6900.  0.1639427
6920.  0.2433346
6940.  0.3348041
6960.  0.4260256
6980.  0.511247
7000.  0.590018
7020.  0.6544327
7040.  0.7150072
7060.  0.759977
7080.  0.8013371
7100.  0.8318778
7120.  0.8593577
7140.  0.8798307
7160.  0.8876859
7180.  0.8596226
7200.  0.8696203
7220.  0.9092996
7240.  0.8944755
7260.  0.9022033
7280.  0.9079058
7300.  0.9149333
7320.  0.9277395
7340.  0.9410768
7360.  0.9402884
7380.  0.938556
7400.  0.9366365
7420.  0.9343186
7440.  0.931208
7460.  0.9265218
7480.  0.9217469
7500.  0.9168092
7520.  0.9113187
7540.  0.904815
7560.  0.897382
7580.  0.8555061
7600.  0.4642142
7620.  0.4809902
7640.  0.5380911
7660.  0.7177796
7680.  0.8269814
7700.  0.8601459
7720.  0.8649561
7740.  0.861447
7760.  0.8574888
7780.  0.852367
7800.  0.8478367
7820.  0.8451769
7840.  0.8415389
7860.  0.8349514
7880.  0.8282191
7900.  0.821156
7920.  0.8138116
7940.  0.8058112
7960.  0.7974208
7980.  0.7883906
8000.  0.7780005
8020.  0.7657093
8040.  0.7559988
8060.  0.7498485
8080.  0.7442408
8100.  0.7385235
8120.  0.7271804
8140.  0.7039503
8160.  0.6795483
8180.  0.6727682
8200.  0.6878983
8220.  0.7104185
8240.  0.6601468
8260.  0.6980368
8280.  0.663525
8300.  0.6193131
8320.  0.5528162
8340.  0.4523947
8360.  0.3485143
8380.  0.2407294
8400.  0.1567721
8420.  0.09883114
8440.  0.05995836
8460.  0.03817235
8480.  0.02327917
8500.  0.01519187
8520.  0.009510691
8540.  0.006280206
8560.  0.004023694
8580.  0.002680144
8600.  0.001665038
8620.  0.001024493
8640.  -0.001172514
