19000. 0.
19010. 1.1673451784940E-5
19020. 5.1621666229622E-5
19030. 7.0904319469392E-6
19040. 8.6182601826407E-5
19050. 1.1564599181653E-5
19060. 0.
19070. 2.0589942202947E-5
19080. 3.1090113208966E-4
19090. 1.8465709336481E-4
19100. 1.7068995284903E-4
19110. 3.6411780932186E-5
19120. 5.0436526813685E-5
19130. 5.9571974024318E-5
19140. 5.6263165571588E-6
19150. 9.3357483708638E-5
19160. 6.9526187057455E-5
19170. 1.4860253586216E-4
19180. 9.9360187720605E-4
19190. 5.3975198798924E-4
19200. 0.
19210. 4.5791525096245E-6
19220. 8.1742456168957E-4
19230. 0.001246106358604
19240. 1.0765089263502E-4
19250. 0.0012859261696504
19260. 0.0017788685394757
19270. 2.8858880095687E-4
19280. 6.6030529165684E-4
19290. 7.8774253216723E-4
19300. 7.3989716503963E-4
19310. 3.3526616544502E-4
19320. 9.1058186729227E-4
19330. 7.6170089880726E-4
19340. 3.0959539824946E-4
19350. 0.0012009707792208
19360. 6.0077854434352E-4
19370. 8.6498018445415E-4
19380. 9.1220253835751E-4
19390. 8.4546914208677E-4
19400. 0.0020741421481542
19410. 0.0031638769264257
19420. 0.0074074258052899
19430. 0.013148579192203
19440. 0.0084906573171689
19450. 0.0094654970508406
19460. 0.017815242280144
19470. 0.018469112402552
19480. 0.01797762992543
19490. 0.019325513466377
19500. 0.023876025039997
19510. 0.026562874960371
19520. 0.030881063525908
19530. 0.014707126126129
19540. 0.015509149945113
19550. 0.0152154117201
19560. 0.011183256644216
19570. 0.009897702791294
19580. 0.010010776958654
19590. 0.0078042737393361
19600. 0.013224805822635
19610. 0.012838221528431
19620. 0.012890707384714
19630. 0.011588634673246
19640. 0.011988426202218
19650. 0.018539420381262
19660. 0.01785981711913
19670. 0.027570208611308
19680. 0.027928284946055
19690. 0.032100885709472
19700. 0.043868552496632
19710. 0.039791025980869
19720. 0.03780133806686
19730. 0.055816721231542
19740. 0.051557498654655
19750. 0.064814104532314
19760. 0.067899515950441
19770. 0.080498379483543
19780. 0.086382915014579
19790. 0.088562797981413
19800. 0.063166454919368
19810. 0.096733276276099
19820. 0.12008267181183
19830. 0.11820634343316
19840. 0.14000899686622
19850. 0.13815911003628
19860. 0.14797212255494
19870. 0.115002957972
19880. 0.16742117162624
19890. 0.18456210392661
19900. 0.15490396014303
19910. 0.18921665829173
19920. 0.21965442379981
19930. 0.23354937384201
19940. 0.21189906674038
19950. 0.23132498204558
19960. 0.22050920039673
19970. 0.21249809981451
19980. 0.18600196407194
19990. 0.18466136207829
20000. 0.15434062573276
20010. 0.11105697836837
20020. 0.082024131687061
20030. 0.12491693033943
20040. 0.084125101577002
20050. 0.11340098763365
20060. 0.099382008573996
20070. 0.12634920983031
20080. 0.19756673254108
20090. 0.26027492036184
20100. 0.17999720727035
20110. 0.18620939780413
20120. 0.14508357401051
20130. 0.16367722551794
20140. 0.14972216076706
20150. 0.14327025798696
20160. 0.18780090587927
20170. 0.17449113571552
20180. 0.19348620325612
20190. 0.22702352555178
20200. 0.23812454932656
20210. 0.26161478451614
20220. 0.29038232948722
20230. 0.30064134494865
20240. 0.32157900604776
20250. 0.3374841048628
20260. 0.37196043185425
20270. 0.3703215504553
20280. 0.35392178822998
20290. 0.37116273846778
20300. 0.39653905434279
20310. 0.3970440004106
20320. 0.40903428836444
20330. 0.39644370150499
20340. 0.40507070781435
20350. 0.41360821523643
20360. 0.41486763634904
20370. 0.41485738798895
20380. 0.4027449689436
20390. 0.41511647007178
20400. 0.38242759340016
20410. 0.40180285454545
20420. 0.39975849376388
20430. 0.40423384604536
20440. 0.3952718398592
20450. 0.40414751818661
20460. 0.4134859882312
20470. 0.39878664173233
20480. 0.37240919425829
20490. 0.35658015042622
20500. 0.33575056034464
20510. 0.34369049265025
20520. 0.29372082916826
20530. 0.30722322314414
20540. 0.25415394895576
20550. 0.28340159050347
20560. 0.28655154926459
20570. 0.28746322369267
20580. 0.30142654252599
20590. 0.32428641069595
20600. 0.38695901121286
20610. 0.36633156728771
20620. 0.31338137737172
20630. 0.30680176139437
20640. 0.31496109862861
20650. 0.30331688058603
20660. 0.29588814282413
20670. 0.31752581009374
20680. 0.3174837766874
20690. 0.34328207843068
20700. 0.34598093208758
20710. 0.34019658896484
20720. 0.34821862125663
20730. 0.37606136178968
20740. 0.37717571526036
20750. 0.37723824178537
20760. 0.3893396220525
20770. 0.39140109999051
20780. 0.3892130323472
20790. 0.4230004746063
20800. 0.43067884798724
20810. 0.42848939655204
20820. 0.42265156231835
20830. 0.41337364755659
20840. 0.41434600819489
20850. 0.40325492835171
20860. 0.41726286865948
20870. 0.42351840584118
20880. 0.42606307122243
20890. 0.42568612289592
20900. 0.42372288805986
20910. 0.4332981562965
20920. 0.43536974061517
20930. 0.43170548165032
20940. 0.42324209831119
20950. 0.44190591532856
20960. 0.44359053252537
20970. 0.44260439949805
20980. 0.43534205443436
20990. 0.41660692379743
21000. 0.43926214957499
21010. 0.43470679235063
21020. 0.4215169088015
21030. 0.4467947264234
21040. 0.44711662425266
21050. 0.44532088697264
21060. 0.44842827336522
21070. 0.44751090024757
21080. 0.44719311689817
21090. 0.44484481686035
21100. 0.43908420228293
21110. 0.44518016742708
21120. 0.43225339434588
21130. 0.45030015908682
21140. 0.45297942859346
21150. 0.45140196939071
21160. 0.45037703246018
21170. 0.45233816662176
21180. 0.44580403703845
21190. 0.43250981839258
21200. 0.44419843858155
21210. 0.45241322640131
21220. 0.45678447201283
21230. 0.45684007093353
21240. 0.44701283281496
21250. 0.44320146335594
21260. 0.45877748683358
21270. 0.45000001867753
21280. 0.43528064886939
21290. 0.45868666456069
21300. 0.45907931589275
21310. 0.45902189839498
21320. 0.45907566348786
21330. 0.45831543398597
21340. 0.45849629152642
21350. 0.45589213900087
21360. 0.4499035196992
21370. 0.45732622572761
21380. 0.45695937348355
21390. 0.45568658434995
21400. 0.45573370916854
21410. 0.45610703355338
21420. 0.45553532794734
21430. 0.45353119233827
21440. 0.45476058832835
21450. 0.45431935338009
21460. 0.45406775763545
21470. 0.45291860336467
21480. 0.45033582066892
21490. 0.4504030503694
21500. 0.44704381915229
21510. 0.43758770799524
21520. 0.42752051713472
21530. 0.43558784035985
21540. 0.44268720004808
21550. 0.44350399886778
21560. 0.44909038533127
21570. 0.45033390248123
21580. 0.44734487814256
21590. 0.43789252453059
21600. 0.44401976692888
21610. 0.4383055107148
21620. 0.44568134199265
21630. 0.43356488947048
21640. 0.4253761776385
21650. 0.44755036824727
21660. 0.44411075024874
21670. 0.43746545297836
21680. 0.43776416792866
21690. 0.42662491214503
21700. 0.44464199660711
21710. 0.44644733364642
21720. 0.43992415692411
21730. 0.43498343689187
21740. 0.42830286400303
21750. 0.43797402820457
21760. 0.43008645266584
21770. 0.44047223528983
21780. 0.43837391231792
21790. 0.42101249486363
21800. 0.43772838743917
21810. 0.44402865980516
21820. 0.44283201451007
21830. 0.40876050263415
21840. 0.41464831390229
21850. 0.40755291780245
21860. 0.44159180124298
21870. 0.43243330148798
21880. 0.42119356950559
21890. 0.43754548298116
21900. 0.43446420700383
21910. 0.43027812748361
21920. 0.44215118152382
21930. 0.44219358152785
21940. 0.4239793481101
21950. 0.42304974098107
21960. 0.4377325509586
21970. 0.43439438239529
21980. 0.40947260140761
21990. 0.40722915572608
22000. 0.3796281998491
22010. 0.40624172271211
22020. 0.4145841664177
22030. 0.42195857267756
22040. 0.42696961436892
22050. 0.40595214979487
22060. 0.42515517648859
22070. 0.43131758046095
22080. 0.43595529677954
22090. 0.44051956918689
22100. 0.43651697485225
22110. 0.43529595774764
22120. 0.44044993942873
22130. 0.44123912174279
22140. 0.43679997507811
22150. 0.42840961551762
22160. 0.41621596225133
22170. 0.43057926577289
22180. 0.43608496177729
22190. 0.4384463740646
22200. 0.43803281544844
22210. 0.42588346015094
22220. 0.42576851104327
22230. 0.43685191573825
22240. 0.43651561797828
22250. 0.43058943526926
22260. 0.42962883268349
22270. 0.41836546637442
22280. 0.43195571910741
22290. 0.43723264506693
22300. 0.43865009730542
22310. 0.43181606513029
22320. 0.41489615453361
22330. 0.4248386974856
22340. 0.42798353447339
22350. 0.43380968762086
22360. 0.42710920218622
22370. 0.4260074732618
22380. 0.42270550372656
22390. 0.43506847093962
22400. 0.42799869732669
22410. 0.42598600332224
22420. 0.42599381800174
22430. 0.4291693327427
22440. 0.41737167341968
22450. 0.43377763448813
22460. 0.41921657857114
22470. 0.39733294727772
22480. 0.42523763289337
22490. 0.42927366771423
22500. 0.42334002129141
22510. 0.42077387426855
22520. 0.42083842860824
22530. 0.42080164493814
22540. 0.40576439670225
22550. 0.41127928131805
22560. 0.40560877492722
22570. 0.39718923140141
22580. 0.41273603119807
22590. 0.42285014684938
22600. 0.40977644810695
22610. 0.39529773031852
22620. 0.38995638143503
22630. 0.41515875069704
22640. 0.39568935353644
22650. 0.39991962843845
22660. 0.42408704229082
22670. 0.42483167613515
22680. 0.39400113793076
22690. 0.38594422734744
22700. 0.40704906732248
22710. 0.41133065998305
22720. 0.39787914258045
22730. 0.40899983089728
22740. 0.41775866651676
22750. 0.3889897516943
22760. 0.37136732858598
22770. 0.40264810982462
22780. 0.41470091016538
22790. 0.42217614707758
22800. 0.40737104125979
22810. 0.38726514082944
22820. 0.40196115317613
22830. 0.37563430651806
22840. 0.38597337666657
22850. 0.38839807960974
22860. 0.40616660043407
22870. 0.40567379920556
22880. 0.40107899535977
22890. 0.37746983862845
22900. 0.35621448620579
22910. 0.38804221868038
22920. 0.37941844731878
22930. 0.37191818761235
22940. 0.36809083880323
22950. 0.35413176153109
22960. 0.34587666574972
22970. 0.36517549511686
22980. 0.33768061711079
22990. 0.32954630843421
23000. 0.32227565869565
23010. 0.32398109697835
23020. 0.32523807721293
23030. 0.3163216355528
23040. 0.29420502307438
23050. 0.2913707850355
23060. 0.29642824411411
23070. 0.27833545412091
23080. 0.28195464248385
23090. 0.27450414828211
23100. 0.26875569695144
23110. 0.26674760801193
23120. 0.25138792805134
23130. 0.24668897997184
23140. 0.23756526127802
23150. 0.22264904222566
23160. 0.18013464069533
23170. 0.1450438058521
23180. 0.14054613199082
23190. 0.15370409734693
23200. 0.15535162327117
23210. 0.15020752704883
23220. 0.13775946326385
23230. 0.13082403295281
23240. 0.13169684770247
23250. 0.12604868426868
23260. 0.11553582054187
23270. 0.11253709419743
23280. 0.099318545746271
23290. 0.094698343125141
23300. 0.093019441588343
23310. 0.082602718878889
23320. 0.075830553505484
23330. 0.074903835027009
23340. 0.068705829068626
23350. 0.062880938299573
23360. 0.060240147205326
23370. 0.058484664887238
23380. 0.051548050305306
23390. 0.046534132168077
23400. 0.039415024524664
23410. 0.038049787031524
23420. 0.038556161131779
23430. 0.037625093679053
23440. 0.035266909404502
23450. 0.032494716924281
23460. 0.031053133963663
23470. 0.028254220850977
23480. 0.02680489364912
23490. 0.024705712734331
23500. 0.021604761231614
23510. 0.019665066360175
23520. 0.016877005572889
23530. 0.020006792787658
23540. 0.019396626910634
23550. 0.017280817632785
23560. 0.014955352501654
23570. 0.015222605827869
23580. 0.01287394528815
23590. 0.012228124004681
23600. 0.013775896209781
23610. 0.013050314225003
23620. 0.011810103211303
23630. 0.011927201483003
23640. 0.010146936103957
23650. 0.010348040180239
23660. 0.010206684168086
23670. 0.0087063909393984
23680. 0.0082327965208279
23690. 0.0079100540254987
23700. 0.0063331276873296
23710. 0.0042728908048029
23720. 0.0055072339409757
23730. 0.0060322570712405
23740. 0.0061170754505703
23750. 0.0058826407848423
23760. 0.0048005660733352
23770. 0.0041290798296666
23780. 0.0038144403203612
23790. 0.0041191259087134
23800. 0.0037248621168918
23810. 0.003673215546712
23820. 0.0037597362167569
23830. 0.0027429404668542
23840. 0.0024573548425834
23850. 0.0031097621100926
23860. 0.0027142991031552
23870. 0.0027803527325267
23880. 0.0026095706199654
23890. 0.0028289821399053
23900. 0.0027233616339907
23910. 0.0024415204808983
23920. 0.0020262441328193
23930. 0.0023949784634734
23940. 0.0021433887550399
23950. 0.001971900182081
23960. 0.0017700879039698
23970. 0.0012495483065827
23980. 0.0013252949529714
23990. 0.001379387086804
24000. 0.0011067056525814
24010. 0.001042418723435
24020. 9.7866239287673E-4
24030. 8.6041421481076E-4
24040. 5.8281878874426E-4
24050. 5.6579748271418E-4
24060. 5.4026379386454E-4
24070. 4.1159603967082E-4
24080. 4.2723654888292E-4
24090. 3.9615476417335E-4
24100. 3.3017376626505E-4
24110. 3.5573385673514E-4
24120. 2.7213116814330E-4
24130. 2.5867770417732E-4
24140. 2.1761925169916E-4
24150. 1.8998176012274E-4
24160. 1.0870971792444E-4
24170. 1.3430272467494E-4
24180. 7.6172206664000E-5
24190. 1.5455150949134E-5
24200. 0.
