5340.  0.
5360.  7.182725E-4
5380.  0.00313514
5400.  0.009614213
5420.  0.02421925
5440.  0.05092787
5460.  0.09294467
5480.  0.1504934
5500.  0.2192261
5520.  0.2933469
5540.  0.3656261
5560.  0.4308756
5580.  0.487405
5600.  0.5336205
5620.  0.5742911
5640.  0.6071757
5660.  0.6337811
5680.  0.6541895
5700.  0.6710253
5720.  0.6866876
5740.  0.6983207
5760.  0.7067997
5780.  0.7135165
5800.  0.7178253
5820.  0.7203252
5840.  0.7235241
5860.  0.7297857
5880.  0.7377743
5900.  0.746055
5920.  0.7514373
5940.  0.7554338
5960.  0.7589513
5980.  0.761079
6000.  0.7642366
6020.  0.7688046
6040.  0.771903
6060.  0.7747391
6080.  0.7776182
6100.  0.7791545
6120.  0.7816169
6140.  0.7845846
6160.  0.785076
6180.  0.7817897
6200.  0.7773701
6220.  0.7727582
6240.  0.7689513
6260.  0.7698798
6280.  0.7754827
6300.  0.7833888
6320.  0.7918181
6340.  0.7983489
6360.  0.8035201
6380.  0.8043225
6400.  0.8054093
6420.  0.8069714
6440.  0.8098745
6460.  0.810912
6480.  0.812282
6500.  0.8105967
6520.  0.8080345
6540.  0.8040301
6560.  0.7998677
6580.  0.7975312
6600.  0.7967351
6620.  0.7994478
6640.  0.8046962
6660.  0.8110218
6680.  0.8155007
6700.  0.8191328
6720.  0.8216984
6740.  0.8240451
6760.  0.8263577
6780.  0.8304846
6800.  0.8298786
6820.  0.8084717
6840.  0.7424393
6860.  0.6218692
6880.  0.4691901
6900.  0.3221083
6920.  0.2056918
6940.  0.1284389
6960.  0.08078742
6980.  0.05086532
7000.  0.0321507
7020.  0.02109843
7040.  0.01462417
7060.  0.01120327
7080.  0.009310942
7100.  0.008148084
7120.  0.007408257
7140.  0.006871652
7160.  0.003721867
7180.  -0.004337063
