3020.  0.
3040.  0.001615036
3060.  0.001772732
3080.  0.002686872
3100.  0.003443271
3120.  0.004292129
3140.  0.006421005
3160.  0.009103026
3180.  0.01227249
3200.  0.01732548
3220.  0.02305586
3240.  0.02955556
3260.  0.03660424
3280.  0.043936
3300.  0.05250917
3320.  0.06087264
3340.  0.06883723
3360.  0.07729132
3380.  0.08586439
3400.  0.09621786
3420.  0.108094
3440.  0.1195273
3460.  0.1307275
3480.  0.1425149
3500.  0.1526776
3520.  0.1635528
3540.  0.1749376
3560.  0.1865221
3580.  0.1973172
3600.  0.2082805
3620.  0.2196794
3640.  0.2296335
3660.  0.238498
3680.  0.2444441
3700.  0.246833
3720.  0.2465446
3740.  0.2426755
3760.  0.2319933
3780.  0.2156056
3800.  0.1963815
3820.  0.1732151
3840.  0.1460316
3860.  0.1171696
3880.  0.08805613
3900.  0.06126012
3920.  0.03925244
3940.  0.0232189
3960.  0.01250025
3980.  0.005971632
4000.  0.00246307
4020.  7.618438E-4
4040.  0.
