4490.  -4.896312E-5
4510.  1.190584E-4
4530.  4.573121E-4
4550.  5.462144E-4
4570.  3.925856E-4
4590.  6.885514E-4
4610.  3.579628E-4
4630.  4.287157E-4
4650.  7.542126E-4
4670.  0.001485937
4690.  0.002696811
4710.  0.007547797
4730.  0.01775026
4750.  0.03244913
4770.  0.06219653
4790.  0.105491
4810.  0.1572309
4830.  0.2155462
4850.  0.2867418
4870.  0.347099
4890.  0.4005378
4910.  0.4453138
4930.  0.4837391
4950.  0.5227993
4970.  0.5491271
4990.  0.5736382
5010.  0.5961331
5030.  0.6137995
5050.  0.6265031
5070.  0.6380935
5090.  0.6474361
5110.  0.6539205
5130.  0.6601977
5150.  0.6641556
5170.  0.6682722
5190.  0.6699403
5210.  0.6712661
5230.  0.6714541
5250.  0.6717026
5270.  0.6705458
5290.  0.6683176
5310.  0.6653618
5330.  0.6622415
5350.  0.6572787
5370.  0.6526428
5390.  0.6475506
5410.  0.6387235
5430.  0.6319367
5450.  0.6235354
5470.  0.6146519
5490.  0.6039255
5510.  0.5911642
5530.  0.5824214
5550.  0.5662179
5570.  0.556287
5590.  0.5397936
5610.  0.5253484
5630.  0.5063323
5650.  0.4910371
5670.  0.4732333
5690.  0.4553757
5710.  0.437129
5730.  0.4187256
5750.  0.4015732
5770.  0.3808079
5790.  0.3585285
5810.  0.3384152
5830.  0.3175388
5850.  0.3018705
5870.  0.2816616
5890.  0.2607701
5910.  0.2427577
5930.  0.2267814
5950.  0.2091003
5970.  0.1918805
5990.  0.1770059
6010.  0.15938
6030.  0.1452649
6050.  0.1318788
6070.  0.1183774
6090.  0.1058341
6110.  0.0946159
6130.  0.08328207
6150.  0.07136753
6170.  0.06181085
6190.  0.05495308
6210.  0.04728533
6230.  0.04007761
6250.  0.03445105
6270.  0.02987078
6290.  0.02581997
6310.  0.02123056
6330.  0.01862516
6350.  0.01560517
6370.  0.01269843
6390.  0.01083518
6410.  0.008604006
6430.  0.006984847
6450.  0.005560813
6470.  0.004430046
6490.  0.003737321
6510.  0.003334219
6530.  0.002332864
6550.  -0.001763015
