4490.  -5.306651E-5
4510.  1.746642E-4
4530.  8.944590E-4
4550.  4.496396E-4
4570.  3.980179E-4
4590.  3.125565E-4
4610.  5.453733E-4
4630.  0.001413681
4650.  5.154143E-4
4670.  8.415278E-4
4690.  0.001675535
4710.  0.003039286
4730.  0.00530976
4750.  0.008901191
4770.  0.01543646
4790.  0.03023607
4810.  0.05073541
4830.  0.08239065
4850.  0.1279718
4870.  0.1782741
4890.  0.2341237
4910.  0.2932189
4930.  0.3468348
4950.  0.4000954
4970.  0.4498997
4990.  0.4828465
5010.  0.5205808
5030.  0.5529497
5050.  0.5782588
5070.  0.6014562
5090.  0.6157426
5110.  0.6300607
5130.  0.644302
5150.  0.6533087
5170.  0.6610255
5190.  0.6667889
5210.  0.6718166
5230.  0.6744134
5250.  0.6767215
5270.  0.6778097
5290.  0.6754963
5310.  0.6751205
5330.  0.6732915
5350.  0.6690224
5370.  0.6641026
5390.  0.6603679
5410.  0.6523573
5430.  0.645362
5450.  0.6370008
5470.  0.6281049
5490.  0.618244
5510.  0.609431
5530.  0.5970968
5550.  0.5843597
5570.  0.5689067
5590.  0.5542967
5610.  0.5397771
5630.  0.5222671
5650.  0.5065739
5670.  0.4876309
5690.  0.4701324
5710.  0.4508015
5730.  0.4318619
5750.  0.4122893
5770.  0.3921916
5790.  0.3713993
5810.  0.3509913
5830.  0.3340415
5850.  0.3103531
5870.  0.2943369
5890.  0.2750409
5910.  0.255444
5930.  0.2374844
5950.  0.2181438
5970.  0.2000313
5990.  0.1849764
6010.  0.1701799
6030.  0.1554146
6050.  0.1394894
6070.  0.1256493
6090.  0.1136735
6110.  0.09854714
6130.  0.08754708
6150.  0.08067977
6170.  0.06939771
6190.  0.05991651
6210.  0.0522203
6230.  0.04618068
6250.  0.0397066
6270.  0.03492865
6290.  0.02922203
6310.  0.02465875
6330.  0.02040435
6350.  0.01692716
6370.  0.01366523
6390.  0.01126129
6410.  0.01002852
6430.  0.008289235
6450.  0.007157431
6470.  0.005794875
6490.  0.004439553
6510.  0.003509511
6530.  0.002184119
6550.  -0.002167748
