4760.  0.
4780.  0.001544585
4800.  0.007602981
4820.  0.02444028
4840.  0.06023991
4860.  0.1188726
4880.  0.1947348
4900.  0.2781979
4920.  0.3585023
4940.  0.4289834
4960.  0.4874761
4980.  0.5335034
5000.  0.5703303
5020.  0.5965288
5040.  0.6171831
5060.  0.6330599
5080.  0.6453267
5100.  0.6545534
5120.  0.6607972
5140.  0.6669499
5160.  0.6699609
5180.  0.6722931
5200.  0.6725259
5220.  0.6727094
5240.  0.6736061
5260.  0.673767
5280.  0.6712505
5300.  0.6677706
5320.  0.6656508
5340.  0.6602578
5360.  0.6543902
5380.  0.6490507
5400.  0.6403719
5420.  0.6323809
5440.  0.624098
5460.  0.6126671
5480.  0.6018388
5500.  0.5899681
5520.  0.5756457
5540.  0.5620834
5560.  0.5476452
5580.  0.5317358
5600.  0.5143308
5620.  0.4960215
5640.  0.4781199
5660.  0.4592801
5680.  0.4399945
5700.  0.4205113
5720.  0.4000084
5740.  0.3787904
5760.  0.357145
5780.  0.3361934
5800.  0.3152622
5820.  0.2946244
5840.  0.2744556
5860.  0.2545478
5880.  0.2351934
5900.  0.2160549
5920.  0.1976928
5940.  0.1805577
5960.  0.1638113
5980.  0.1477883
6000.  0.1330346
6020.  0.1189862
6040.  0.1058842
6060.  0.09394609
6080.  0.08284152
6100.  0.07255595
6120.  0.06323508
6140.  0.05484129
6160.  0.04729346
6180.  0.04053618
6200.  0.03455443
6220.  0.02924365
6240.  0.02460382
6260.  0.02053304
6280.  0.01702035
6300.  0.0139778
6320.  0.01134818
6340.  0.009122737
6360.  0.007273038
6380.  0.005715964
6400.  0.004432452
6420.  0.003320029
6440.  0.002429576
6460.  0.001671677
6480.  0.001038912
6500.  5.474579E-4
6520.  0.
