# JWST NIRCAM preliminary Filter transmission curve
# http://www.stsci.edu/jwst/instruments/nircam/instrumentdesign/filters
# retrieved 2014.09.09 by S.Rodney
# Microns	Transmission
0.833	        5.533e-05
0.835	        4.150e-05
0.836	        5.472e-05
0.838	        2.153e-05
0.839	        9.858e-05
0.841	        1.531e-04
0.843	        1.908e-04
0.844	        1.693e-04
0.846	        2.077e-04
0.847	        1.307e-04
0.849	        7.614e-05
0.851	        3.843e-05
0.852	        8.291e-05
0.854	        5.108e-05
0.856	        5.149e-05
0.857	        6.845e-05
0.859	        8.583e-05
0.860	        4.135e-05
0.862	        3.476e-05
0.864	        5.556e-05
0.865	        3.860e-05
0.867	        7.132e-05
0.868	        7.132e-05
0.870	        8.720e-05
0.872	        7.741e-05
0.873	        1.143e-04
0.875	        6.423e-05
0.876	        6.423e-05
0.878	        5.063e-05
0.880	        3.921e-05
0.881	        2.579e-06
0.883	        2.579e-06
0.884	        2.579e-06
0.886	        2.004e-05
0.888	        3.188e-05
0.889	        3.158e-05
0.891	        3.160e-05
0.892	        3.160e-05
0.894	        1.187e-05
0.896	        2.417e-06
0.897	        2.417e-06
0.899	        4.121e-06
0.901	        4.121e-06
0.902	        4.121e-06
0.904	        1.163e-05
0.905	        3.441e-05
0.907	        3.269e-05
0.909	        3.279e-05
0.910	        4.612e-05
0.912	        4.092e-05
0.913	        1.813e-05
0.915	        2.489e-05
0.917	        2.479e-05
0.918	        3.302e-05
0.920	        2.971e-05
0.921	        2.972e-05
0.923	        2.296e-05
0.925	        4.781e-05
0.926	        2.634e-05
0.928	        2.497e-05
0.929	        3.066e-05
0.931	        3.820e-05
0.933	        1.335e-05
0.934	        1.325e-05
0.936	        1.585e-05
0.938	        1.014e-05
0.939	        2.755e-06
0.941	        2.757e-06
0.942	        2.757e-06
0.944	        5.324e-07
0.946	        1.130e-05
0.947	        1.258e-05
0.949	        1.258e-05
0.950	        1.258e-05
0.952	        1.729e-05
0.954	        6.716e-06
0.955	        5.284e-06
0.957	        5.284e-06
0.958	        5.289e-06
0.960	        2.006e-07
0.962	        5.904e-07
0.963	        5.936e-07
0.965	        5.936e-07
0.966	        5.998e-07
0.968	        6.251e-07
0.970	        5.526e-07
0.971	        1.363e-06
0.973	        7.545e-06
0.975	        7.534e-06
0.976	        7.537e-06
0.978	        1.544e-05
0.979	        2.725e-05
0.981	        3.054e-05
0.983	        3.054e-05
0.984	        3.051e-05
0.986	        2.212e-05
0.987	        1.803e-05
0.989	        1.565e-05
0.991	        1.919e-05
0.992	        2.538e-05
0.994	        2.536e-05
0.995	        1.682e-05
0.997	        1.703e-05
0.999	        3.747e-05
1.000	        3.737e-05
1.002	        3.776e-05
1.003	        3.776e-05
1.005	        3.047e-05
1.007	        6.490e-06
1.008	        3.997e-07
1.010	        1.000e-08
1.011	        5.623e-07
1.013	        1.072e-05
1.015	        1.072e-05
1.016	        1.072e-05
1.018	        1.099e-05
1.020	        1.781e-05
1.021	        1.297e-05
1.023	        1.297e-05
1.024	        1.297e-05
1.026	        1.270e-05
1.028	        5.331e-06
1.029	        8.907e-06
1.031	        2.194e-05
1.032	        3.274e-05
1.034	        4.283e-05
1.036	        4.858e-05
1.037	        4.008e-05
1.039	        2.705e-05
1.040	        1.625e-05
1.042	        6.158e-06
1.044	        4.166e-07
1.045	        1.024e-06
1.047	        9.530e-06
1.048	        1.830e-05
1.050	        1.830e-05
1.052	        2.021e-05
1.053	        1.921e-05
1.055	        1.070e-05
1.057	        3.857e-06
1.058	        4.544e-06
1.060	        7.553e-06
1.061	        1.458e-05
1.063	        1.546e-05
1.065	        1.369e-05
1.066	        1.449e-05
1.068	        9.576e-06
1.069	        2.568e-06
1.071	        1.686e-06
1.073	        2.097e-06
1.074	        6.105e-07
1.076	        6.052e-07
1.077	        5.796e-07
1.079	        5.796e-07
1.081	        1.284e-08
1.082	        7.217e-07
1.084	        1.146e-06
1.085	        1.146e-06
1.087	        8.535e-06
1.089	        1.498e-05
1.090	        1.632e-05
1.092	        2.042e-05
1.094	        2.370e-05
1.095	        1.946e-05
1.097	        1.304e-05
1.098	        1.099e-05
1.100	        1.063e-05
1.102	        7.356e-06
1.103	        4.202e-06
1.105	        4.178e-06
1.106	        4.178e-06
1.108	        1.997e-08
1.110	        1.695e-08
1.111	        1.297e-06
1.113	        1.313e-06
1.114	        1.313e-06
1.116	        1.313e-06
1.118	        2.754e-06
1.119	        1.479e-06
1.121	        3.147e-06
1.122	        3.265e-06
1.124	        8.406e-06
1.126	        9.060e-06
1.127	        1.161e-05
1.129	        9.929e-06
1.130	        9.811e-06
1.132	        8.960e-06
1.134	        1.543e-05
1.135	        1.374e-05
1.137	        1.374e-05
1.139	        1.625e-05
1.140	        1.261e-05
1.142	        9.127e-06
1.143	        8.323e-06
1.145	        9.468e-06
1.147	        1.437e-05
1.148	        1.673e-05
1.150	        1.606e-05
1.151	        1.688e-05
1.153	        1.770e-05
1.155	        1.029e-05
1.156	        9.389e-06
1.158	        8.007e-06
1.159	        1.561e-05
1.161	        2.420e-05
1.163	        3.040e-05
1.164	        3.166e-05
1.166	        3.167e-05
1.167	        2.799e-05
1.169	        1.757e-05
1.171	        1.155e-05
1.172	        8.297e-06
1.174	        5.235e-06
1.176	        3.213e-06
1.177	        6.086e-06
1.179	        1.068e-05
1.180	        1.362e-05
1.182	        1.808e-05
1.184	        1.883e-05
1.185	        1.591e-05
1.187	        1.113e-05
1.188	        8.101e-06
1.190	        3.631e-06
1.192	        1.240e-07
1.193	        1.876e-06
1.195	        1.876e-06
1.196	        1.876e-06
1.198	        1.876e-06
1.200	        1.974e-06
1.201	        1.142e-07
1.203	        1.142e-07
1.204	        3.358e-07
1.206	        7.691e-07
1.208	        6.651e-07
1.209	        3.705e-06
1.211	        4.813e-06
1.213	        4.594e-06
1.214	        4.161e-06
1.216	        4.213e-06
1.217	        5.301e-06
1.219	        4.462e-06
1.221	        6.582e-06
1.222	        1.205e-05
1.224	        1.202e-05
1.225	        7.895e-06
1.227	        7.626e-06
1.229	        5.504e-06
1.230	        8.278e-07
1.232	        8.367e-07
1.233	        8.367e-07
1.235	        2.643e-06
1.237	        6.516e-06
1.238	        1.160e-05
1.240	        1.717e-05
1.241	        2.433e-05
1.243	        2.679e-05
1.245	        2.302e-05
1.246	        1.725e-05
1.248	        1.337e-05
1.249	        7.772e-06
1.251	        4.077e-06
1.253	        4.592e-06
1.254	        5.075e-06
1.256	        3.360e-06
1.258	        1.794e-06
1.259	        4.073e-06
1.261	        8.561e-06
1.262	        1.264e-05
1.264	        1.735e-05
1.266	        2.461e-05
1.267	        3.022e-05
1.269	        3.111e-05
1.270	        3.126e-05
1.272	        2.821e-05
1.274	        2.217e-05
1.275	        1.904e-05
1.277	        1.721e-05
1.278	        1.368e-05
1.280	        1.201e-05
1.282	        1.078e-05
1.283	        5.460e-06
1.285	        1.368e-06
1.286	        2.880e-06
1.288	        6.757e-06
1.290	        9.167e-06
1.291	        1.001e-05
1.293	        9.934e-06
1.295	        7.142e-06
1.296	        3.288e-06
1.298	        2.273e-06
1.299	        5.936e-06
1.301	        9.345e-06
1.303	        1.023e-05
1.304	        1.167e-05
1.306	        1.275e-05
1.307	        1.055e-05
1.309	        9.124e-06
1.311	        9.799e-06
1.312	        1.168e-05
1.314	        9.573e-06
1.315	        7.273e-06
1.317	        5.291e-06
1.319	        3.760e-06
1.320	        4.159e-07
1.322	        4.388e-08
1.323	        4.388e-08
1.325	        3.851e-08
1.327	        4.359e-08
1.328	        3.482e-06
1.330	        8.187e-06
1.332	        1.352e-05
1.333	        1.476e-05
1.335	        1.557e-05
1.336	        1.299e-05
1.338	        1.047e-05
1.340	        9.483e-06
1.341	        1.071e-05
1.343	        1.140e-05
1.344	        1.580e-05
1.346	        1.745e-05
1.348	        1.318e-05
1.349	        1.071e-05
1.351	        9.178e-06
1.352	        3.915e-06
1.354	        2.826e-06
1.356	        7.145e-06
1.357	        9.795e-06
1.359	        1.241e-05
1.360	        1.607e-05
1.362	        1.603e-05
1.364	        1.304e-05
1.365	        1.253e-05
1.367	        1.374e-05
1.368	        1.332e-05
1.370	        1.456e-05
1.372	        1.515e-05
1.373	        1.341e-05
1.375	        9.832e-06
1.377	        7.399e-06
1.378	        6.132e-06
1.380	        5.861e-06
1.381	        5.466e-06
1.383	        5.219e-06
1.385	        5.120e-06
1.386	        2.443e-06
1.388	        7.236e-07
1.389	        1.969e-06
1.391	        2.068e-06
1.393	        1.363e-06
1.394	        1.386e-06
1.396	        1.971e-06
1.397	        1.901e-06
1.399	        4.549e-06
1.401	        8.503e-06
1.402	        1.042e-05
1.404	        1.116e-05
1.405	        1.165e-05
1.407	        8.901e-06
1.409	        4.946e-06
1.410	        3.245e-06
1.412	        2.749e-06
1.414	        1.084e-06
1.415	        1.083e-06
1.417	        1.086e-06
1.418	        1.252e-06
1.420	        1.544e-06
1.422	        2.281e-06
1.423	        2.807e-06
1.425	        2.847e-06
1.426	        2.440e-06
1.428	        1.316e-06
1.430	        5.790e-07
1.431	        5.267e-08
1.433	        1.000e-08
1.434	        1.000e-08
1.436	        1.000e-08
1.438	        1.000e-08
1.439	        1.891e-08
1.441	        1.769e-07
1.442	        6.074e-07
1.444	        6.578e-07
1.446	        6.578e-07
1.447	        6.489e-07
1.449	        4.909e-07
1.450	        6.049e-08
1.452	        1.000e-08
1.454	        1.000e-08
1.455	        1.000e-08
1.457	        1.000e-08
1.459	        1.000e-08
1.460	        1.000e-08
1.462	        1.000e-08
1.463	        1.000e-08
1.465	        1.401e-08
1.467	        9.303e-07
1.468	        4.469e-06
1.470	        6.092e-06
1.471	        6.102e-06
1.473	        6.098e-06
1.475	        5.182e-06
1.476	        1.643e-06
1.478	        2.089e-08
1.479	        1.002e-08
1.481	        1.000e-08
1.483	        1.000e-08
1.484	        1.000e-08
1.486	        1.000e-08
1.487	        1.000e-08
1.489	        1.000e-08
1.491	        1.000e-08
1.492	        1.000e-08
1.494	        1.000e-08
1.496	        1.000e-08
1.497	        1.000e-08
1.499	        1.035e-08
1.500	        1.481e-07
1.502	        1.495e-07
1.504	        1.495e-07
1.505	        1.495e-07
1.507	        1.492e-07
1.508	        1.140e-08
1.510	        1.000e-08
1.512	        1.000e-08
1.513	        1.000e-08
1.515	        1.000e-08
1.516	        1.000e-08
1.518	        1.000e-08
1.520	        1.000e-08
1.521	        1.000e-08
1.523	        1.000e-08
1.524	        1.000e-08
1.526	        5.035e-08
1.528	        1.159e-06
1.529	        1.321e-06
1.531	        1.321e-06
1.533	        1.321e-06
1.534	        1.280e-06
1.536	        1.719e-07
1.537	        1.000e-08
1.539	        1.000e-08
1.541	        1.000e-08
1.542	        1.000e-08
1.544	        1.000e-08
1.545	        1.000e-08
1.547	        1.000e-08
1.549	        1.000e-08
1.550	        1.000e-08
1.552	        1.000e-08
1.553	        1.000e-08
1.555	        1.000e-08
1.557	        1.007e-08
1.558	        1.130e-08
1.560	        4.124e-07
1.561	        2.812e-06
1.563	        4.988e-06
1.565	        5.162e-06
1.566	        5.160e-06
1.568	        4.759e-06
1.569	        2.360e-06
1.571	        1.837e-07
1.573	        1.000e-08
1.574	        1.000e-08
1.576	        1.383e-08
1.578	        2.811e-07
1.579	        5.222e-07
1.581	        1.588e-06
1.582	        4.223e-06
1.584	        6.403e-06
1.586	        7.274e-06
1.587	        8.693e-06
1.589	        9.328e-06
1.590	        7.274e-06
1.592	        5.115e-06
1.594	        3.977e-06
1.595	        2.319e-06
1.597	        1.494e-06
1.598	        1.337e-06
1.600	        1.327e-06
1.602	        1.348e-06
1.603	        2.146e-06
1.605	        1.350e-06
1.606	        9.287e-07
1.608	        1.047e-06
1.610	        3.706e-06
1.611	        6.181e-06
1.613	        8.588e-06
1.615	        1.096e-05
1.616	        1.303e-05
1.618	        1.262e-05
1.619	        1.132e-05
1.621	        9.487e-06
1.623	        7.114e-06
1.624	        4.913e-06
1.626	        2.657e-06
1.627	        1.441e-06
1.629	        3.527e-06
1.631	        6.685e-06
1.632	        9.832e-06
1.634	        1.287e-05
1.635	        1.483e-05
1.637	        1.399e-05
1.639	        1.221e-05
1.640	        1.033e-05
1.642	        8.779e-06
1.643	        8.209e-06
1.645	        7.864e-06
1.647	        6.557e-06
1.648	        5.297e-06
1.650	        3.797e-06
1.652	        1.642e-06
1.653	        9.265e-08
1.655	        9.321e-09
1.656	        5.034e-07
1.658	        1.498e-06
1.660	        2.418e-06
1.661	        2.579e-06
1.663	        2.578e-06
1.664	        2.084e-06
1.666	        1.090e-06
1.668	        1.698e-07
1.669	        1.000e-08
1.671	        1.000e-08
1.672	        1.000e-08
1.674	        1.000e-08
1.676	        1.000e-08
1.677	        1.000e-08
1.679	        1.000e-08
1.680	        1.000e-08
1.682	        1.000e-08
1.684	        1.000e-08
1.685	        2.307e-08
1.687	        2.764e-07
1.688	        2.793e-07
1.690	        2.793e-07
1.692	        2.793e-07
1.693	        2.662e-07
1.695	        1.294e-08
1.697	        1.000e-08
1.698	        1.000e-08
1.700	        1.000e-08
1.701	        1.000e-08
1.703	        1.000e-08
1.705	        1.000e-08
1.706	        1.000e-08
1.708	        6.110e-08
1.709	        2.049e-06
1.711	        3.891e-06
1.713	        3.919e-06
1.714	        3.919e-06
1.716	        3.868e-06
1.717	        1.880e-06
1.719	        3.781e-08
1.721	        1.000e-08
1.722	        1.000e-08
1.724	        1.000e-08
1.725	        1.000e-08
1.727	        1.000e-08
1.729	        1.000e-08
1.730	        1.000e-08
1.732	        1.000e-08
1.734	        1.000e-08
1.735	        3.107e-08
1.737	        1.153e-06
1.738	        2.343e-06
1.740	        3.433e-06
1.742	        4.454e-06
1.743	        5.863e-06
1.745	        4.795e-06
1.746	        3.605e-06
1.748	        2.514e-06
1.750	        1.493e-06
1.751	        6.310e-08
1.753	        1.000e-08
1.754	        1.000e-08
1.756	        1.000e-08
1.758	        1.000e-08
1.759	        7.163e-08
1.761	        7.046e-07
1.762	        1.205e-06
1.764	        1.221e-06
1.766	        1.227e-06
1.767	        1.349e-06
1.769	        1.622e-06
1.771	        3.500e-06
1.772	        6.680e-06
1.774	        1.007e-05
1.775	        1.294e-05
1.777	        1.421e-05
1.779	        1.244e-05
1.780	        9.430e-06
1.782	        6.131e-06
1.783	        3.382e-06
1.785	        2.014e-06
1.787	        1.770e-06
1.788	        1.824e-06
1.790	        1.986e-06
1.791	        2.997e-06
1.793	        4.924e-06
1.795	        7.675e-06
1.796	        8.734e-06
1.798	        9.433e-06
1.799	        9.255e-06
1.801	        8.785e-06
1.803	        8.280e-06
1.804	        8.419e-06
1.806	        8.090e-06
1.807	        7.397e-06
1.809	        6.255e-06
1.811	        4.901e-06
1.812	        4.416e-06
1.814	        4.244e-06
1.816	        3.853e-06
1.817	        2.730e-06
1.819	        1.470e-06
1.820	        5.184e-07
1.822	        6.360e-08
1.824	        1.023e-08
1.825	        1.000e-08
1.827	        1.000e-08
1.828	        1.000e-08
1.830	        1.000e-08
1.832	        1.000e-08
1.833	        1.000e-08
1.835	        1.000e-08
1.836	        4.529e-08
1.838	        1.442e-06
1.840	        3.038e-06
1.841	        4.728e-06
1.843	        6.375e-06
1.844	        7.122e-06
1.846	        6.063e-06
1.848	        4.638e-06
1.849	        3.254e-06
1.851	        3.072e-06
1.853	        4.609e-06
1.854	        7.301e-06
1.856	        1.023e-05
1.857	        1.245e-05
1.859	        1.276e-05
1.861	        1.094e-05
1.862	        8.132e-06
1.864	        5.390e-06
1.865	        3.594e-06
1.867	        3.526e-06
1.869	        4.901e-06
1.870	        6.588e-06
1.872	        8.061e-06
1.873	        9.157e-06
1.875	        9.324e-06
1.877	        9.050e-06
1.878	        8.594e-06
1.880	        8.730e-06
1.881	        9.734e-06
1.883	        1.221e-05
1.885	        1.596e-05
1.886	        2.070e-05
1.888	        2.599e-05
1.890	        3.186e-05
1.891	        3.838e-05
1.893	        4.558e-05
1.894	        5.327e-05
1.896	        6.076e-05
1.898	        6.786e-05
1.899	        7.510e-05
1.901	        8.360e-05
1.902	        9.475e-05
1.904	        1.090e-04
1.906	        1.264e-04
1.907	        1.458e-04
1.909	        1.670e-04
1.910	        1.903e-04
1.912	        2.165e-04
1.914	        2.467e-04
1.915	        2.807e-04
1.917	        3.182e-04
1.918	        3.563e-04
1.920	        3.941e-04
1.922	        4.301e-04
1.923	        4.643e-04
1.925	        4.958e-04
1.926	        5.258e-04
1.928	        5.538e-04
1.930	        5.786e-04
1.931	        6.002e-04
1.933	        6.167e-04
1.935	        6.285e-04
1.936	        6.346e-04
1.938	        6.358e-04
1.939	        6.313e-04
1.941	        6.240e-04
1.943	        6.148e-04
1.944	        6.062e-04
1.946	        5.994e-04
1.947	        5.962e-04
1.949	        5.959e-04
1.951	        5.974e-04
1.952	        5.991e-04
1.954	        5.994e-04
1.955	        5.981e-04
1.957	        5.957e-04
1.959	        5.927e-04
1.960	        5.895e-04
1.962	        5.870e-04
1.963	        5.848e-04
1.965	        5.828e-04
1.967	        5.810e-04
1.968	        5.800e-04
1.970	        5.796e-04
1.972	        5.795e-04
1.973	        5.789e-04
1.975	        5.768e-04
1.976	        5.729e-04
1.978	        5.676e-04
1.980	        5.621e-04
1.981	        5.574e-04
1.983	        5.554e-04
1.984	        5.563e-04
1.986	        5.587e-04
1.988	        5.615e-04
1.989	        5.626e-04
1.991	        5.611e-04
1.992	        5.576e-04
1.994	        5.535e-04
1.996	        5.494e-04
1.997	        5.468e-04
1.999	        5.456e-04
2.000	        5.446e-04
2.002	        5.433e-04
2.004	        5.414e-04
2.005	        5.393e-04
2.007	        5.368e-04
2.009	        5.341e-04
2.010	        5.311e-04
2.012	        5.277e-04
2.013	        5.240e-04
2.015	        5.207e-04
2.017	        5.180e-04
2.018	        5.163e-04
2.020	        5.155e-04
2.021	        5.153e-04
2.023	        5.147e-04
2.025	        5.138e-04
2.026	        5.121e-04
2.028	        5.100e-04
2.029	        5.072e-04
2.031	        5.040e-04
2.033	        5.004e-04
2.034	        4.963e-04
2.036	        4.916e-04
2.037	        4.866e-04
2.039	        4.815e-04
2.041	        4.767e-04
2.042	        4.728e-04
2.044	        4.699e-04
2.045	        4.680e-04
2.047	        4.664e-04
2.049	        4.649e-04
2.050	        4.627e-04
2.052	        4.600e-04
2.054	        4.571e-04
2.055	        4.545e-04
2.057	        4.525e-04
2.058	        4.511e-04
2.060	        4.497e-04
2.062	        4.483e-04
2.063	        4.466e-04
2.065	        4.444e-04
2.066	        4.417e-04
2.068	        4.385e-04
2.070	        4.344e-04
2.071	        4.299e-04
2.073	        4.256e-04
2.074	        4.218e-04
2.076	        4.189e-04
2.078	        4.171e-04
2.079	        4.157e-04
2.081	        4.141e-04
2.082	        4.119e-04
2.084	        4.088e-04
2.086	        4.050e-04
2.087	        4.009e-04
2.089	        3.965e-04
2.091	        3.923e-04
2.092	        3.883e-04
2.094	        3.844e-04
2.095	        3.807e-04
2.097	        3.773e-04
2.099	        3.742e-04
2.100	        3.714e-04
2.102	        3.691e-04
2.103	        3.672e-04
2.105	        3.655e-04
2.107	        3.638e-04
2.108	        3.619e-04
2.110	        3.593e-04
2.111	        3.560e-04
2.113	        3.518e-04
2.115	        3.471e-04
2.116	        3.425e-04
2.118	        3.383e-04
2.119	        3.351e-04
2.121	        3.333e-04
2.123	        3.323e-04
2.124	        3.311e-04
2.126	        3.295e-04
2.128	        3.267e-04
2.129	        3.225e-04
2.131	        3.178e-04
2.132	        3.128e-04
2.134	        3.077e-04
2.136	        3.026e-04
2.137	        2.967e-04
2.139	        2.897e-04
2.140	        2.818e-04
2.142	        2.731e-04
2.144	        2.631e-04
2.145	        2.524e-04
2.147	        2.405e-04
2.148	        2.265e-04
2.150	        2.110e-04
2.152	        1.955e-04
2.153	        1.805e-04
2.155	        1.658e-04
2.156	        1.525e-04
2.158	        1.397e-04
2.160	        1.265e-04
2.161	        1.134e-04
2.163	        1.018e-04
2.164	        9.152e-05
2.166	        8.259e-05
2.168	        7.509e-05
2.169	        6.728e-05
2.171	        5.875e-05
2.173	        5.008e-05
2.174	        4.191e-05
2.176	        3.440e-05
2.177	        2.887e-05
2.179	        2.488e-05
2.181	        2.117e-05
2.182	        1.773e-05
2.184	        1.440e-05
2.185	        1.103e-05
2.187	        7.853e-06
2.189	        5.664e-06
2.190	        4.176e-06
2.192	        3.255e-06
2.193	        2.726e-06
2.195	        2.364e-06
2.197	        2.067e-06
2.198	        1.646e-06
2.200	        1.189e-06
2.201	        7.595e-07
2.203	        3.988e-07
2.205	        9.968e-08
2.206	        2.267e-08
2.208	        3.762e-08
2.210	        1.252e-07
2.211	        4.322e-07
2.213	        1.283e-06
2.214	        2.291e-06
2.216	        3.475e-06
2.218	        4.835e-06
2.219	        6.263e-06
2.221	        7.287e-06
2.222	        8.081e-06
2.224	        8.621e-06
2.226	        8.905e-06
2.227	        8.884e-06
2.229	        8.411e-06
2.230	        7.668e-06
2.232	        6.301e-06
2.234	        4.598e-06
2.235	        2.884e-06
2.237	        1.487e-06
2.238	        4.371e-07
2.240	        7.044e-08
2.242	        4.561e-08
2.243	        4.576e-08
2.245	        6.344e-08
2.247	        2.597e-07
2.248	        7.713e-07
2.250	        1.474e-06
2.251	        1.949e-06
2.253	        1.965e-06
2.255	        1.756e-06
2.256	        1.230e-06
2.258	        5.237e-07
2.259	        4.857e-08
2.261	        1.125e-08
2.263	        1.000e-08
2.264	        1.000e-08
2.266	        1.000e-08
2.267	        1.407e-08
2.269	        9.326e-08
2.271	        1.174e-06
2.272	        2.807e-06
2.274	        5.009e-06
2.275	        7.221e-06
2.277	        8.735e-06
2.279	        8.801e-06
2.280	        7.263e-06
2.282	        5.066e-06
2.283	        2.854e-06
2.285	        1.321e-06
2.287	        8.207e-07
2.288	        1.301e-06
2.290	        1.753e-06
2.292	        2.151e-06
2.293	        2.488e-06
2.295	        2.235e-06
2.296	        2.250e-06
2.298	        2.712e-06
2.300	        3.619e-06
2.301	        4.811e-06
2.303	        6.349e-06
2.304	        7.065e-06
2.306	        6.921e-06
2.308	        5.909e-06
2.309	        4.351e-06
2.311	        2.421e-06
2.312	        1.117e-06
2.314	        3.401e-07
2.316	        4.363e-08
2.317	        1.184e-08
2.319	        1.000e-08
2.320	        1.000e-08
2.322	        1.000e-08
2.324	        1.000e-08
2.325	        3.069e-08
2.327	        3.219e-07
2.329	        1.985e-06
2.330	        3.982e-06
2.332	        6.380e-06
2.333	        8.048e-06
2.335	        8.737e-06
2.337	        7.547e-06
2.338	        5.602e-06
2.340	        3.208e-06
2.341	        1.519e-06
2.343	        5.393e-07
2.345	        6.619e-08
2.346	        1.416e-08
2.348	        1.000e-08
2.349	        1.096e-08
2.351	        3.190e-08
2.353	        2.075e-07
2.354	        7.663e-07
2.356	        1.568e-06
2.357	        2.716e-06
2.359	        4.171e-06
2.361	        5.857e-06
2.362	        7.380e-06
2.364	        7.934e-06
2.366	        7.669e-06
2.367	        6.790e-06
2.369	        5.344e-06
2.370	        3.553e-06
2.372	        2.259e-06
2.374	        1.383e-06
2.375	        7.872e-07
2.377	        3.711e-07
2.378	        8.064e-08
2.380	        2.112e-08
2.382	        5.673e-08
2.383	        5.098e-07
2.385	        1.694e-06
2.386	        3.150e-06
2.388	        4.937e-06
2.390	        7.069e-06
2.391	        9.259e-06
2.393	        1.100e-05
2.394	        1.148e-05
2.396	        1.096e-05
2.398	        9.524e-06
2.399	        7.232e-06
2.401	        4.472e-06
2.402	        2.721e-06
2.404	        1.767e-06
2.406	        1.598e-06
2.407	        1.881e-06
2.409	        2.360e-06
2.411	        2.845e-06
2.412	        3.417e-06
2.414	        4.047e-06
2.415	        4.793e-06
2.417	        5.149e-06
2.419	        5.211e-06
2.420	        4.889e-06
2.422	        4.185e-06
2.423	        3.239e-06
2.425	        2.630e-06
2.427	        2.270e-06
2.428	        2.040e-06
2.430	        1.955e-06
2.431	        2.055e-06
2.433	        2.349e-06
2.435	        2.081e-06
2.436	        1.750e-06
2.438	        1.338e-06
2.439	        8.057e-07
2.441	        1.185e-07
2.443	        2.081e-08
2.444	        1.000e-08
2.446	        1.000e-08
2.448	        1.231e-08
2.449	        4.770e-08
2.451	        3.689e-07
2.452	        1.289e-06
2.454	        2.043e-06
2.456	        2.657e-06
2.457	        3.033e-06
2.459	        2.948e-06
2.460	        2.162e-06
2.462	        1.452e-06
2.464	        8.449e-07
2.465	        4.342e-07
2.467	        1.983e-07
2.468	        6.340e-08
2.470	        2.016e-08
2.472	        1.084e-08
2.473	        1.000e-08
2.475	        1.000e-08
2.476	        1.857e-08
2.478	        8.716e-08
2.480	        5.554e-07
2.481	        1.330e-06
2.483	        2.471e-06
2.485	        4.141e-06
2.486	        5.721e-06
2.488	        6.847e-06
2.489	        7.612e-06
2.491	        6.641e-06
2.493	        4.979e-06
2.494	        3.330e-06
2.496	        1.737e-06
2.497	        5.823e-06
2.499	        5.653e-06
2.500	        5.637e-06
2.501	        5.637e-06
2.502	        7.278e-06
2.504	        1.651e-06
2.505	        1.684e-06
2.507	        1.684e-06
2.508	        1.776e-06
2.509	        3.160e-06
2.511	        3.654e-06
2.512	        5.252e-06
2.513	        5.262e-06
2.515	        6.338e-06
2.516	        5.672e-06
2.517	        5.177e-06
2.519	        3.547e-06
2.520	        3.537e-06
2.521	        3.254e-06
2.523	        1.496e-06
2.524	        3.890e-06
2.525	        7.303e-06
2.527	        7.303e-06
2.528	        6.417e-06
2.530	        5.816e-06
2.531	        3.422e-06
2.532	        5.962e-08
2.534	        2.139e-06
2.535	        2.139e-06
2.536	        2.139e-06
2.538	        5.174e-06
2.539	        5.242e-06
2.540	        3.163e-06
2.542	        3.163e-06
2.543	        5.289e-06
2.544	        3.916e-06
2.546	        4.944e-06
2.547	        5.798e-06
2.548	        5.829e-06
2.550	        3.702e-06
2.551	        2.040e-06
2.552	        8.961e-07
2.554	        4.278e-08
2.555	        7.329e-07
2.557	        7.329e-07
2.558	        2.143e-06
2.559	        4.023e-06
2.561	        8.194e-06
2.562	        9.685e-06
2.563	        9.686e-06
2.565	        9.100e-06
2.566	        8.085e-06
2.567	        7.000e-06
2.569	        8.498e-06
2.570	        1.108e-05
2.571	        1.216e-05
2.573	        1.270e-05
2.574	        9.618e-06
2.575	        5.907e-06
2.577	        4.456e-06
2.578	        2.620e-06
2.580	        1.208e-06
2.581	        1.235e-06
2.582	        3.632e-06
2.584	        5.665e-06
2.585	        6.478e-06
2.586	        6.478e-06
2.588	        9.366e-06
2.589	        1.094e-05
2.590	        9.515e-06
2.592	        1.191e-05
2.593	        1.201e-05
2.594	        9.194e-06
2.596	        5.219e-06
2.597	        5.870e-06
2.598	        3.747e-06
2.600	        7.470e-06
2.601	        1.039e-05
2.602	        1.173e-05
2.604	        9.878e-06
2.605	        8.730e-06
2.607	        4.906e-06
2.608	        3.621e-06
2.609	        2.274e-06
2.611	        3.936e-06
2.612	        6.132e-06
2.613	        7.222e-06
2.615	        6.717e-06
2.616	        6.717e-06
2.617	        4.519e-06
2.619	        4.697e-06
2.620	        5.809e-06
2.621	        4.623e-06
2.623	        4.628e-06
2.624	        6.300e-06
2.625	        5.112e-06
2.627	        2.910e-06
2.628	        3.036e-06
2.629	        3.046e-06
2.631	        1.472e-06
2.632	        9.372e-07
2.634	        1.073e-06
2.635	        2.844e-06
2.636	        3.172e-06
2.638	        3.073e-06
2.639	        2.422e-06
2.640	        2.290e-06
2.642	        3.560e-07
2.643	        2.282e-07
2.644	        2.282e-07
2.646	        2.282e-07
2.647	        1.997e-06
2.648	        2.454e-06
2.650	        3.785e-06
2.651	        4.117e-06
2.652	        4.117e-06
2.654	        2.774e-06
2.655	        5.675e-06
2.657	        5.781e-06
2.658	        8.360e-06
2.659	        8.376e-06
2.661	        7.948e-06
2.662	        4.589e-06
2.663	        3.165e-06
2.665	        2.545e-07
2.666	        2.380e-07
2.667	        2.380e-07
2.669	        2.380e-07
2.670	        1.000e-08
2.671	        1.000e-08
2.673	        5.408e-08
2.674	        5.408e-08
2.675	        1.541e-06
2.677	        1.884e-06
2.678	        2.242e-06
2.679	        2.198e-06
2.681	        3.443e-06
2.682	        1.956e-06
2.684	        1.613e-06
2.685	        1.923e-06
2.686	        3.053e-06
2.688	        1.813e-06
2.689	        1.860e-06
2.690	        1.860e-06
2.692	        1.192e-06
2.693	        9.876e-07
2.694	        9.826e-07
2.696	        9.359e-07
2.697	        9.359e-07
2.698	        9.359e-07
2.700	        1.000e-08
2.701	        1.000e-08
2.702	        7.147e-07
2.704	        2.607e-06
2.705	        2.611e-06
2.707	        3.138e-06
2.708	        3.138e-06
2.709	        2.433e-06
2.711	        5.407e-07
2.712	        3.947e-06
2.713	        5.543e-06
2.715	        5.718e-06
2.716	        8.146e-06
2.717	        1.015e-05
2.719	        6.750e-06
2.720	        7.805e-06
2.721	        1.046e-05
2.723	        1.038e-05
2.724	        1.149e-05
2.725	        1.171e-05
2.727	        8.528e-06
2.728	        5.700e-06
2.729	        3.355e-06
2.731	        3.476e-07
2.732	        6.468e-07
2.734	        3.158e-06
2.735	        7.657e-06
2.736	        1.208e-05
2.738	        1.239e-05
2.739	        1.187e-05
2.740	        9.358e-06
2.742	        4.858e-06
2.743	        4.327e-07
2.744	        1.000e-08
2.746	        1.397e-06
2.747	        2.233e-06
2.748	        2.233e-06
2.750	        2.233e-06
2.751	        2.255e-06
2.752	        8.672e-07
2.754	        3.195e-08
2.755	        3.614e-08
2.757	        1.770e-06
2.758	        1.751e-06
2.759	        1.751e-06
2.761	        1.783e-06
2.762	        3.524e-06
2.763	        4.900e-06
2.765	        8.807e-06
2.766	        9.377e-06
2.767	        9.346e-06
2.769	        8.202e-06
2.770	        5.265e-06
2.771	        1.354e-06
2.773	        7.843e-07
2.774	        7.843e-07
2.775	        1.825e-07
2.777	        3.541e-07
2.778	        3.201e-06
2.779	        8.223e-06
2.781	        1.298e-05
2.782	        1.605e-05
2.784	        1.813e-05
2.785	        1.535e-05
2.786	        1.172e-05
2.788	        8.435e-06
2.789	        5.366e-06
2.790	        2.939e-06
2.792	        2.878e-06
2.793	        1.487e-06
2.794	        1.492e-08
2.796	        1.000e-08
2.797	        1.000e-08
2.798	        1.000e-08
2.800	        1.162e-06
2.801	        2.921e-06
2.802	        6.110e-06
2.804	        7.553e-06
2.805	        7.893e-06
2.807	        6.984e-06
2.808	        8.982e-06
2.809	        7.670e-06
2.811	        6.227e-06
2.812	        5.887e-06
2.813	        5.773e-06
2.815	        4.539e-06
2.816	        3.451e-06
2.817	        4.115e-06
2.819	        4.115e-06
2.820	        3.985e-06
2.821	        1.680e-06
2.823	        1.989e-06
2.824	        2.299e-06
2.825	        3.119e-06
2.827	        3.167e-06
2.828	        2.949e-06
2.829	        1.851e-06
2.831	        1.858e-06
2.832	        1.038e-06
2.834	        1.887e-06
2.835	        5.735e-06
2.836	        5.755e-06
2.838	        4.785e-06
2.839	        6.604e-06
2.840	        6.877e-06
2.842	        3.049e-06
2.843	        3.037e-06
2.844	        6.656e-06
2.846	        7.134e-06
2.847	        8.005e-06
2.848	        1.211e-05
2.850	        1.311e-05
2.851	        9.482e-06
2.852	        7.186e-06
2.854	        5.144e-06
2.855	        1.019e-06
2.857	        1.293e-08
2.858	        6.928e-07
2.859	        6.952e-07
2.861	        1.697e-06
2.862	        1.837e-06
2.863	        1.837e-06
2.865	        1.157e-06
2.866	        1.178e-06
2.867	        5.626e-07
2.869	        4.200e-07
2.870	        4.593e-07
2.871	        4.593e-07
2.873	        4.363e-07
2.874	        1.035e-06
2.875	        2.339e-06
2.877	        2.300e-06
2.878	        2.300e-06
2.879	        2.318e-06
2.881	        2.943e-06
2.882	        2.288e-06
2.884	        2.396e-06
2.885	        2.396e-06
2.886	        2.378e-06
2.888	        8.235e-07
2.889	        1.738e-07
2.890	        6.523e-08
2.892	        9.276e-08
2.893	        6.079e-07
2.894	        5.526e-07
2.896	        5.526e-07
2.897	        8.752e-07
2.898	        2.450e-06
2.900	        1.935e-06
2.901	        1.938e-06
2.902	        3.854e-06
2.904	        3.565e-06
2.905	        1.963e-06
2.906	        1.963e-06
2.908	        1.960e-06
2.909	        3.207e-06
2.911	        3.990e-06
2.912	        4.610e-06
2.913	        7.722e-06
2.915	        8.501e-06
2.916	        6.490e-06
2.917	        7.477e-06
2.919	        1.066e-05
2.920	        8.740e-06
2.921	        8.587e-06
2.923	        9.173e-06
2.924	        8.994e-06
2.925	        9.234e-06
2.927	        1.210e-05
2.928	        1.274e-05
2.929	        1.138e-05
2.931	        1.108e-05
2.932	        9.440e-06
2.934	        5.407e-06
2.935	        4.138e-06
2.936	        3.800e-06
2.938	        3.830e-06
2.939	        2.462e-06
2.940	        4.121e-06
2.942	        4.844e-06
2.943	        6.653e-06
2.944	        9.640e-06
2.946	        1.240e-05
2.947	        1.444e-05
2.948	        1.498e-05
2.950	        1.313e-05
2.951	        8.824e-06
2.952	        5.509e-06
2.954	        1.785e-06
2.955	        5.188e-07
2.956	        5.183e-07
2.958	        4.867e-07
2.959	        1.000e-08
2.961	        1.000e-08
2.962	        1.000e-08
2.963	        1.000e-08
2.965	        1.000e-08
2.966	        1.000e-08
2.967	        1.000e-08
2.969	        1.000e-08
2.970	        1.000e-08
2.971	        1.000e-08
2.973	        6.465e-07
2.974	        6.465e-07
2.975	        6.465e-07
2.977	        6.465e-07
2.978	        6.465e-07
2.979	        1.283e-07
2.981	        1.722e-06
2.982	        1.722e-06
2.984	        1.722e-06
2.985	        1.722e-06
2.986	        1.697e-06
2.988	        7.901e-07
2.989	        2.949e-06
2.990	        3.670e-06
2.992	        3.672e-06
2.993	        6.607e-06
2.994	        1.080e-05
2.996	        1.094e-05
2.997	        1.158e-05
2.998	        1.417e-05
3.000	        1.121e-05
3.001	        6.329e-06
3.002	        6.626e-06
3.004	        5.260e-06
3.005	        2.673e-06
3.006	        2.607e-06
3.008	        3.961e-06
3.009	        1.466e-06
3.011	        1.466e-06
3.012	        1.466e-06
3.013	        2.778e-06
3.015	        3.091e-06
3.016	        3.173e-06
3.017	        3.173e-06
3.019	        3.630e-06
3.020	        4.524e-06
3.021	        3.316e-06
3.023	        3.135e-06
3.024	        3.682e-06
3.025	        3.234e-06
3.027	        1.025e-06
3.028	        5.658e-07
3.029	        5.658e-07
3.031	        1.953e-08
3.032	        1.000e-08
3.034	        1.000e-08
3.035	        1.000e-08
3.036	        6.660e-08
3.038	        6.660e-08
3.039	        6.660e-08
3.040	        6.660e-08
3.042	        6.660e-08
3.043	        4.716e-08
3.044	        4.716e-08
3.046	        4.716e-08
3.047	        4.716e-08
3.048	        6.843e-08
3.050	        1.788e-06
3.051	        3.704e-06
3.052	        5.049e-06
3.054	        5.095e-06
3.055	        5.074e-06
3.056	        3.317e-06
3.058	        1.401e-06
3.059	        5.628e-08
3.061	        1.000e-08
3.062	        2.072e-06
3.063	        2.898e-06
3.065	        2.898e-06
3.066	        2.898e-06
3.067	        2.898e-06
3.069	        8.356e-07
3.070	        1.000e-08
3.071	        1.000e-08
3.073	        1.000e-08
3.074	        3.755e-07
3.075	        9.237e-07
3.077	        1.017e-06
3.078	        1.920e-06
3.079	        2.955e-06
3.081	        3.844e-06
3.082	        4.456e-06
3.084	        4.367e-06
3.085	        5.489e-06
3.086	        5.202e-06
3.088	        3.947e-06
3.089	        2.788e-06
3.090	        3.322e-06
3.092	        3.429e-06
3.093	        6.692e-06
3.094	        1.105e-05
3.096	        1.110e-05
3.097	        1.056e-05
3.098	        8.426e-06
3.100	        4.416e-06
3.101	        5.481e-08
3.102	        1.000e-08
3.104	        1.621e-06
3.105	        3.933e-06
3.106	        3.933e-06
3.108	        3.933e-06
3.109	        3.933e-06
3.111	        2.322e-06
3.112	        1.000e-08
3.113	        1.632e-08
3.115	        2.643e-08
3.116	        2.643e-08
3.117	        2.643e-08
3.119	        2.643e-08
3.120	        2.011e-08
3.121	        1.000e-08
3.123	        1.000e-08
3.124	        1.000e-08
3.125	        1.000e-08
3.127	        1.000e-08
3.128	        1.138e-06
3.129	        1.166e-06
3.131	        1.166e-06
3.132	        1.166e-06
3.134	        1.166e-06
3.135	        4.194e-08
3.136	        6.470e-07
3.138	        6.470e-07
3.139	        6.470e-07
3.140	        6.470e-07
3.142	        6.425e-07
3.143	        1.000e-08
3.144	        1.000e-08
3.146	        1.000e-08
3.147	        1.000e-08
3.148	        1.000e-08
3.150	        1.000e-08
3.151	        1.003e-06
3.152	        1.891e-06
3.154	        1.891e-06
3.155	        1.917e-06
3.156	        5.243e-06
3.158	        8.797e-06
3.159	        1.017e-05
3.161	        1.119e-05
3.162	        1.123e-05
3.163	        8.008e-06
3.165	        4.259e-06
3.166	        2.571e-06
3.167	        4.033e-06
3.169	        6.482e-06
3.170	        8.159e-06
3.171	        7.904e-06
3.173	        7.342e-06
3.174	        4.860e-06
3.175	        2.345e-06
3.177	        7.447e-07
3.178	        2.364e-06
3.179	        2.393e-06
3.181	        2.393e-06
3.182	        2.393e-06
3.184	        2.210e-06
3.185	        1.757e-06
3.186	        4.693e-06
3.188	        4.701e-06
3.189	        4.704e-06
3.190	        6.431e-06
3.192	        6.853e-06
3.193	        3.969e-06
3.194	        3.961e-06
3.196	        3.958e-06
3.197	        2.274e-06
3.198	        1.412e-07
3.200	        5.305e-08
3.201	        5.305e-08
3.202	        5.299e-08
3.204	        1.000e-08
3.205	        1.000e-08
3.206	        1.000e-08
3.208	        1.000e-08
3.209	        1.000e-08
3.211	        1.000e-08
3.212	        1.000e-08
3.213	        1.000e-08
3.215	        1.000e-08
3.216	        1.000e-08
3.217	        1.000e-08
3.219	        1.000e-08
3.220	        1.000e-08
3.221	        1.000e-08
3.223	        1.000e-08
3.224	        1.000e-08
3.225	        1.000e-08
3.227	        1.000e-08
3.228	        1.000e-08
3.229	        1.000e-08
3.231	        1.000e-08
3.232	        1.000e-08
3.233	        1.000e-08
3.235	        1.000e-08
3.236	        1.000e-08
3.238	        1.000e-08
3.239	        1.000e-08
3.240	        1.000e-08
3.242	        1.000e-08
3.243	        1.000e-08
3.244	        1.000e-08
3.246	        1.000e-08
3.247	        1.000e-08
3.248	        1.000e-08
3.250	        1.000e-08
3.251	        1.000e-08
3.252	        1.000e-08
3.254	        1.000e-08
3.255	        1.000e-08
3.256	        1.000e-08
3.258	        1.000e-08
3.259	        1.000e-08
3.261	        1.000e-08
3.262	        1.000e-08
3.263	        1.000e-08
3.265	        1.000e-08
3.266	        1.000e-08
3.267	        1.000e-08
3.269	        1.000e-08
3.270	        1.000e-08
3.271	        1.000e-08
3.273	        1.000e-08
3.274	        1.000e-08
3.275	        1.000e-08
3.277	        1.000e-08
3.278	        1.000e-08
3.279	        1.000e-08
3.281	        1.000e-08
3.282	        1.000e-08
3.283	        1.000e-08
3.285	        1.000e-08
3.286	        1.000e-08
3.288	        1.000e-08
3.289	        1.000e-08
3.290	        1.000e-08
3.292	        1.000e-08
3.293	        1.000e-08
3.294	        1.000e-08
3.296	        1.000e-08
3.297	        1.000e-08
3.298	        1.000e-08
3.300	        1.000e-08
3.301	        1.000e-08
3.302	        1.000e-08
3.304	        1.000e-08
3.305	        1.000e-08
3.306	        1.000e-08
3.308	        1.000e-08
3.309	        1.000e-08
3.311	        1.000e-08
3.312	        1.000e-08
3.313	        1.000e-08
3.315	        1.000e-08
3.316	        1.000e-08
3.317	        1.000e-08
3.319	        1.000e-08
3.320	        1.000e-08
3.321	        1.000e-08
3.323	        1.000e-08
3.324	        1.000e-08
3.325	        1.000e-08
3.327	        1.000e-08
3.328	        1.000e-08
3.329	        1.000e-08
3.331	        1.000e-08
3.332	        1.000e-08
3.333	        1.000e-08
3.335	        1.000e-08
3.336	        1.000e-08
3.338	        1.000e-08
3.339	        1.000e-08
3.340	        1.000e-08
3.342	        1.000e-08
3.343	        1.000e-08
3.344	        1.000e-08
3.346	        1.000e-08
3.347	        1.000e-08
3.348	        1.000e-08
3.350	        1.000e-08
3.351	        1.000e-08
3.352	        1.000e-08
3.354	        1.000e-08
3.355	        1.000e-08
3.356	        1.000e-08
3.358	        1.000e-08
3.359	        1.000e-08
3.361	        1.000e-08
3.362	        1.000e-08
3.363	        1.000e-08
3.365	        1.000e-08
3.366	        1.000e-08
3.367	        1.000e-08
3.369	        1.000e-08
3.370	        1.000e-08
3.371	        1.000e-08
3.373	        1.000e-08
3.374	        1.000e-08
3.375	        1.000e-08
3.377	        1.000e-08
3.378	        1.000e-08
3.379	        1.000e-08
3.381	        1.000e-08
3.382	        1.000e-08
3.383	        1.000e-08
3.385	        1.000e-08
3.386	        1.000e-08
3.388	        1.000e-08
3.389	        1.000e-08
3.390	        1.000e-08
3.392	        1.000e-08
3.393	        1.000e-08
3.394	        1.000e-08
3.396	        1.000e-08
3.397	        1.000e-08
3.398	        1.000e-08
3.400	        1.000e-08
3.401	        1.000e-08
3.402	        1.000e-08
3.404	        1.000e-08
3.405	        1.000e-08
3.406	        1.000e-08
3.408	        1.000e-08
3.409	        1.000e-08
3.411	        1.000e-08
3.412	        1.000e-08
3.413	        1.000e-08
3.415	        1.000e-08
3.416	        1.000e-08
3.417	        1.000e-08
3.419	        1.000e-08
3.420	        1.000e-08
3.421	        1.000e-08
3.423	        1.000e-08
3.424	        1.000e-08
3.425	        1.000e-08
3.427	        1.000e-08
3.428	        1.000e-08
3.429	        1.000e-08
3.431	        1.000e-08
3.432	        1.000e-08
3.433	        1.000e-08
3.435	        1.000e-08
3.436	        1.000e-08
3.438	        1.000e-08
3.439	        1.000e-08
3.440	        1.000e-08
3.442	        1.000e-08
3.443	        1.000e-08
3.444	        1.000e-08
3.446	        1.000e-08
3.447	        1.000e-08
3.448	        1.000e-08
3.450	        1.000e-08
3.451	        1.000e-08
3.452	        1.000e-08
3.454	        1.000e-08
3.455	        1.000e-08
3.456	        1.000e-08
3.458	        1.000e-08
3.459	        1.000e-08
3.461	        1.000e-08
3.462	        1.000e-08
3.463	        1.000e-08
3.465	        1.000e-08
3.466	        1.000e-08
3.467	        1.000e-08
3.469	        1.000e-08
3.470	        1.000e-08
3.471	        1.000e-08
3.473	        1.000e-08
3.474	        1.000e-08
3.475	        1.000e-08
3.477	        1.000e-08
3.478	        1.000e-08
3.479	        1.000e-08
3.481	        1.000e-08
3.482	        1.000e-08
3.483	        1.000e-08
3.485	        1.000e-08
3.486	        1.000e-08
3.488	        1.000e-08
3.489	        1.000e-08
3.490	        1.000e-08
3.492	        1.000e-08
3.493	        1.000e-08
3.494	        1.000e-08
3.496	        1.000e-08
3.497	        1.000e-08
3.498	        1.000e-08
3.500	        1.000e-08
3.501	        1.000e-08
3.502	        1.000e-08
3.504	        1.000e-08
3.505	        1.000e-08
3.506	        1.000e-08
3.508	        1.000e-08
3.509	        1.000e-08
3.510	        1.000e-08
3.512	        1.000e-08
3.513	        1.000e-08
3.515	        1.000e-08
3.516	        1.000e-08
3.517	        1.000e-08
3.519	        1.000e-08
3.520	        1.000e-08
3.521	        1.000e-08
3.523	        1.000e-08
3.524	        1.000e-08
3.525	        1.000e-08
3.527	        1.000e-08
3.528	        1.514e-08
3.529	        6.302e-07
3.531	        6.707e-07
3.532	        6.707e-07
3.533	        7.886e-07
3.535	        1.057e-06
3.536	        5.014e-07
3.538	        1.525e-06
3.539	        1.725e-06
3.540	        1.607e-06
3.542	        1.370e-06
3.543	        4.772e-06
3.544	        9.013e-06
3.546	        1.326e-05
3.547	        1.784e-05
3.548	        2.386e-05
3.550	        2.485e-05
3.551	        2.139e-05
3.552	        1.843e-05
3.554	        1.731e-05
3.555	        1.741e-05
3.556	        2.060e-05
3.558	        2.740e-05
3.559	        3.475e-05
3.560	        3.808e-05
3.562	        3.652e-05
3.563	        3.241e-05
3.565	        2.795e-05
3.566	        2.600e-05
3.567	        2.786e-05
3.569	        3.238e-05
3.570	        3.751e-05
3.571	        4.049e-05
3.573	        4.074e-05
3.574	        3.894e-05
3.575	        3.405e-05
3.577	        2.901e-05
3.578	        2.677e-05
3.579	        2.587e-05
3.581	        2.645e-05
3.582	        2.959e-05
3.583	        3.322e-05
3.585	        3.646e-05
3.586	        3.911e-05
3.588	        4.134e-05
3.589	        4.514e-05
3.590	        4.992e-05
3.592	        5.270e-05
3.593	        5.414e-05
3.594	        5.645e-05
3.596	        5.843e-05
3.597	        5.875e-05
3.598	        5.843e-05
3.600	        5.699e-05
3.601	        5.455e-05
3.602	        5.369e-05
3.604	        5.510e-05
3.605	        5.795e-05
3.606	        6.162e-05
3.608	        6.289e-05
3.609	        6.057e-05
3.610	        5.838e-05
3.612	        5.795e-05
3.613	        5.718e-05
3.615	        5.748e-05
3.616	        6.050e-05
3.617	        6.334e-05
3.619	        6.515e-05
3.620	        6.990e-05
3.621	        7.730e-05
3.623	        8.462e-05
3.624	        9.123e-05
3.625	        9.435e-05
3.627	        9.300e-05
3.628	        9.051e-05
3.629	        8.703e-05
3.631	        8.276e-05
3.632	        8.137e-05
3.633	        8.310e-05
3.635	        8.569e-05
3.636	        8.914e-05
3.638	        9.407e-05
3.639	        1.008e-04
3.640	        1.073e-04
3.642	        1.102e-04
3.643	        1.094e-04
3.644	        1.071e-04
3.646	        1.044e-04
3.647	        1.023e-04
3.648	        1.018e-04
3.650	        1.039e-04
3.651	        1.080e-04
3.652	        1.119e-04
3.654	        1.151e-04
3.655	        1.180e-04
3.656	        1.204e-04
3.658	        1.205e-04
3.659	        1.188e-04
3.660	        1.186e-04
3.662	        1.219e-04
3.663	        1.277e-04
3.665	        1.358e-04
3.666	        1.461e-04
3.667	        1.568e-04
3.669	        1.669e-04
3.670	        1.761e-04
3.671	        1.841e-04
3.673	        1.918e-04
3.674	        2.000e-04
3.675	        2.098e-04
3.677	        2.210e-04
3.678	        2.327e-04
3.679	        2.449e-04
3.681	        2.558e-04
3.682	        2.646e-04
3.683	        2.746e-04
3.685	        2.872e-04
3.686	        3.006e-04
3.688	        3.159e-04
3.689	        3.330e-04
3.690	        3.476e-04
3.692	        3.601e-04
3.693	        3.749e-04
3.694	        3.931e-04
3.696	        4.126e-04
3.697	        4.338e-04
3.698	        4.594e-04
3.700	        4.894e-04
3.701	        5.217e-04
3.702	        5.556e-04
3.704	        5.912e-04
3.705	        6.275e-04
3.706	        6.635e-04
3.708	        6.994e-04
3.709	        7.375e-04
3.710	        7.790e-04
3.712	        8.236e-04
3.713	        8.715e-04
3.715	        9.232e-04
3.716	        9.793e-04
3.717	        1.040e-03
3.719	        1.103e-03
3.720	        1.166e-03
3.721	        1.232e-03
3.723	        1.301e-03
3.724	        1.374e-03
3.725	        1.454e-03
3.727	        1.544e-03
3.728	        1.641e-03
3.729	        1.745e-03
3.731	        1.855e-03
3.732	        1.972e-03
3.733	        2.095e-03
3.735	        2.225e-03
3.736	        2.362e-03
3.738	        2.508e-03
3.739	        2.660e-03
3.740	        2.818e-03
3.742	        2.984e-03
3.743	        3.161e-03
3.744	        3.348e-03
3.746	        3.548e-03
3.747	        3.763e-03
3.748	        3.994e-03
3.750	        4.241e-03
3.751	        4.504e-03
3.752	        4.783e-03
3.754	        5.077e-03
3.755	        5.388e-03
3.756	        5.720e-03
3.758	        6.073e-03
3.759	        6.451e-03
3.760	        6.856e-03
3.762	        7.286e-03
3.763	        7.739e-03
3.765	        8.218e-03
3.766	        8.728e-03
3.767	        9.266e-03
3.769	        9.837e-03
3.770	        1.045e-02
3.771	        1.109e-02
3.773	        1.178e-02
3.774	        1.252e-02
3.775	        1.331e-02
3.777	        1.415e-02
3.778	        1.504e-02
3.779	        1.600e-02
3.781	        1.701e-02
3.782	        1.808e-02
3.783	        1.923e-02
3.785	        2.046e-02
3.786	        2.177e-02
3.788	        2.316e-02
3.789	        2.466e-02
3.790	        2.626e-02
3.792	        2.796e-02
3.793	        2.979e-02
3.794	        3.174e-02
3.796	        3.382e-02
3.797	        3.605e-02
3.798	        3.845e-02
3.800	        4.101e-02
3.801	        4.375e-02
3.802	        4.668e-02
3.804	        4.982e-02
3.805	        5.318e-02
3.806	        5.677e-02
3.808	        6.063e-02
3.809	        6.477e-02
3.810	        6.920e-02
3.812	        7.394e-02
3.813	        7.902e-02
3.815	        8.444e-02
3.816	        9.024e-02
3.817	        9.645e-02
3.819	        1.031e-01
3.820	        1.102e-01
3.821	        1.177e-01
3.823	        1.258e-01
3.824	        1.344e-01
3.825	        1.435e-01
3.827	        1.533e-01
3.828	        1.636e-01
3.829	        1.746e-01
3.831	        1.862e-01
3.832	        1.985e-01
3.833	        2.114e-01
3.835	        2.250e-01
3.836	        2.393e-01
3.837	        2.543e-01
3.839	        2.700e-01
3.840	        2.863e-01
3.842	        3.033e-01
3.843	        3.209e-01
3.844	        3.391e-01
3.846	        3.578e-01
3.847	        3.771e-01
3.848	        3.967e-01
3.850	        4.167e-01
3.851	        4.370e-01
3.852	        4.576e-01
3.854	        4.782e-01
3.855	        4.990e-01
3.856	        5.196e-01
3.858	        5.402e-01
3.859	        5.605e-01
3.860	        5.805e-01
3.862	        6.000e-01
3.863	        6.191e-01
3.865	        6.376e-01
3.866	        6.555e-01
3.867	        6.727e-01
3.869	        6.893e-01
3.870	        7.051e-01
3.871	        7.201e-01
3.873	        7.343e-01
3.874	        7.477e-01
3.875	        7.604e-01
3.877	        7.722e-01
3.878	        7.832e-01
3.879	        7.935e-01
3.881	        8.030e-01
3.882	        8.118e-01
3.883	        8.198e-01
3.885	        8.272e-01
3.886	        8.340e-01
3.887	        8.402e-01
3.889	        8.458e-01
3.890	        8.509e-01
3.892	        8.556e-01
3.893	        8.597e-01
3.894	        8.635e-01
3.896	        8.669e-01
3.897	        8.700e-01
3.898	        8.727e-01
3.900	        8.751e-01
3.901	        8.773e-01
3.902	        8.793e-01
3.904	        8.810e-01
3.905	        8.825e-01
3.906	        8.839e-01
3.908	        8.851e-01
3.909	        8.862e-01
3.910	        8.872e-01
3.912	        8.880e-01
3.913	        8.888e-01
3.915	        8.895e-01
3.916	        8.901e-01
3.917	        8.907e-01
3.919	        8.912e-01
3.920	        8.916e-01
3.921	        8.920e-01
3.923	        8.924e-01
3.924	        8.927e-01
3.925	        8.930e-01
3.927	        8.933e-01
3.928	        8.936e-01
3.929	        8.939e-01
3.931	        8.941e-01
3.932	        8.944e-01
3.933	        8.946e-01
3.935	        8.948e-01
3.936	        8.950e-01
3.937	        8.952e-01
3.939	        8.954e-01
3.940	        8.956e-01
3.942	        8.957e-01
3.943	        8.959e-01
3.944	        8.960e-01
3.946	        8.962e-01
3.947	        8.963e-01
3.948	        8.964e-01
3.950	        8.966e-01
3.951	        8.967e-01
3.952	        8.968e-01
3.954	        8.969e-01
3.955	        8.970e-01
3.956	        8.970e-01
3.958	        8.971e-01
3.959	        8.972e-01
3.960	        8.973e-01
3.962	        8.973e-01
3.963	        8.974e-01
3.965	        8.974e-01
3.966	        8.975e-01
3.967	        8.975e-01
3.969	        8.975e-01
3.970	        8.976e-01
3.971	        8.976e-01
3.973	        8.976e-01
3.974	        8.976e-01
3.975	        8.976e-01
3.977	        8.976e-01
3.978	        8.976e-01
3.979	        8.977e-01
3.981	        8.977e-01
3.982	        8.977e-01
3.983	        8.977e-01
3.985	        8.977e-01
3.986	        8.977e-01
3.987	        8.977e-01
3.989	        8.976e-01
3.990	        8.976e-01
3.992	        8.976e-01
3.993	        8.976e-01
3.994	        8.976e-01
3.996	        8.975e-01
3.997	        8.975e-01
3.998	        8.974e-01
4.000	        8.973e-01
4.001	        8.973e-01
4.002	        8.972e-01
4.004	        8.971e-01
4.005	        8.970e-01
4.006	        8.969e-01
4.008	        8.968e-01
4.009	        8.967e-01
4.010	        8.966e-01
4.012	        8.964e-01
4.013	        8.963e-01
4.015	        8.961e-01
4.016	        8.959e-01
4.017	        8.957e-01
4.019	        8.955e-01
4.020	        8.953e-01
4.021	        8.951e-01
4.023	        8.949e-01
4.024	        8.947e-01
4.025	        8.945e-01
4.027	        8.943e-01
4.028	        8.941e-01
4.029	        8.939e-01
4.031	        8.937e-01
4.032	        8.935e-01
4.033	        8.933e-01
4.035	        8.931e-01
4.036	        8.929e-01
4.037	        8.927e-01
4.039	        8.926e-01
4.040	        8.924e-01
4.042	        8.923e-01
4.043	        8.922e-01
4.044	        8.922e-01
4.046	        8.921e-01
4.047	        8.921e-01
4.048	        8.920e-01
4.050	        8.920e-01
4.051	        8.920e-01
4.052	        8.920e-01
4.054	        8.921e-01
4.055	        8.921e-01
4.056	        8.922e-01
4.058	        8.923e-01
4.059	        8.924e-01
4.060	        8.926e-01
4.062	        8.927e-01
4.063	        8.929e-01
4.065	        8.930e-01
4.066	        8.932e-01
4.067	        8.933e-01
4.069	        8.935e-01
4.070	        8.937e-01
4.071	        8.938e-01
4.073	        8.940e-01
4.074	        8.941e-01
4.075	        8.942e-01
4.077	        8.943e-01
4.078	        8.944e-01
4.079	        8.945e-01
4.081	        8.946e-01
4.082	        8.946e-01
4.083	        8.946e-01
4.085	        8.945e-01
4.086	        8.945e-01
4.087	        8.943e-01
4.089	        8.942e-01
4.090	        8.940e-01
4.092	        8.938e-01
4.093	        8.935e-01
4.094	        8.932e-01
4.096	        8.929e-01
4.097	        8.926e-01
4.098	        8.922e-01
4.100	        8.917e-01
4.101	        8.912e-01
4.102	        8.907e-01
4.104	        8.902e-01
4.105	        8.896e-01
4.106	        8.890e-01
4.108	        8.883e-01
4.109	        8.877e-01
4.110	        8.870e-01
4.112	        8.864e-01
4.113	        8.857e-01
4.114	        8.851e-01
4.116	        8.844e-01
4.117	        8.837e-01
4.119	        8.831e-01
4.120	        8.824e-01
4.121	        8.818e-01
4.123	        8.812e-01
4.124	        8.806e-01
4.125	        8.800e-01
4.127	        8.795e-01
4.128	        8.790e-01
4.129	        8.786e-01
4.131	        8.783e-01
4.132	        8.780e-01
4.133	        8.777e-01
4.135	        8.775e-01
4.136	        8.774e-01
4.137	        8.772e-01
4.139	        8.772e-01
4.140	        8.772e-01
4.142	        8.772e-01
4.143	        8.774e-01
4.144	        8.776e-01
4.146	        8.778e-01
4.147	        8.781e-01
4.148	        8.785e-01
4.150	        8.790e-01
4.151	        8.795e-01
4.152	        8.800e-01
4.154	        8.806e-01
4.155	        8.812e-01
4.156	        8.818e-01
4.158	        8.825e-01
4.159	        8.832e-01
4.160	        8.839e-01
4.162	        8.846e-01
4.163	        8.853e-01
4.164	        8.861e-01
4.166	        8.868e-01
4.167	        8.876e-01
4.169	        8.883e-01
4.170	        8.890e-01
4.171	        8.897e-01
4.173	        8.903e-01
4.174	        8.909e-01
4.175	        8.914e-01
4.177	        8.919e-01
4.178	        8.923e-01
4.179	        8.926e-01
4.181	        8.929e-01
4.182	        8.932e-01
4.183	        8.934e-01
4.185	        8.935e-01
4.186	        8.936e-01
4.187	        8.936e-01
4.189	        8.936e-01
4.190	        8.934e-01
4.192	        8.932e-01
4.193	        8.930e-01
4.194	        8.926e-01
4.196	        8.923e-01
4.197	        8.918e-01
4.198	        8.914e-01
4.200	        8.908e-01
4.201	        8.903e-01
4.202	        8.897e-01
4.204	        8.891e-01
4.205	        8.885e-01
4.206	        8.879e-01
4.208	        8.872e-01
4.209	        8.865e-01
4.210	        8.858e-01
4.212	        8.852e-01
4.213	        8.845e-01
4.214	        8.838e-01
4.216	        8.831e-01
4.217	        8.824e-01
4.219	        8.818e-01
4.220	        8.812e-01
4.221	        8.806e-01
4.223	        8.800e-01
4.224	        8.793e-01
4.225	        8.787e-01
4.227	        8.780e-01
4.228	        8.773e-01
4.229	        8.765e-01
4.231	        8.756e-01
4.232	        8.746e-01
4.233	        8.735e-01
4.235	        8.723e-01
4.236	        8.709e-01
4.237	        8.694e-01
4.239	        8.676e-01
4.240	        8.657e-01
4.242	        8.635e-01
4.243	        8.609e-01
4.244	        8.581e-01
4.246	        8.548e-01
4.247	        8.512e-01
4.248	        8.471e-01
4.250	        8.424e-01
4.251	        8.373e-01
4.252	        8.317e-01
4.254	        8.254e-01
4.255	        8.185e-01
4.256	        8.111e-01
4.258	        8.029e-01
4.259	        7.941e-01
4.260	        7.846e-01
4.262	        7.745e-01
4.263	        7.637e-01
4.264	        7.524e-01
4.266	        7.404e-01
4.267	        7.279e-01
4.269	        7.148e-01
4.270	        7.013e-01
4.271	        6.873e-01
4.273	        6.729e-01
4.274	        6.581e-01
4.275	        6.430e-01
4.277	        6.277e-01
4.278	        6.121e-01
4.279	        5.963e-01
4.281	        5.804e-01
4.282	        5.645e-01
4.283	        5.484e-01
4.285	        5.324e-01
4.286	        5.164e-01
4.287	        5.006e-01
4.289	        4.848e-01
4.290	        4.692e-01
4.292	        4.538e-01
4.293	        4.386e-01
4.294	        4.237e-01
4.296	        4.090e-01
4.297	        3.946e-01
4.298	        3.806e-01
4.300	        3.668e-01
4.301	        3.533e-01
4.302	        3.401e-01
4.304	        3.273e-01
4.305	        3.147e-01
4.306	        3.025e-01
4.308	        2.907e-01
4.309	        2.791e-01
4.310	        2.679e-01
4.312	        2.570e-01
4.313	        2.464e-01
4.314	        2.361e-01
4.316	        2.262e-01
4.317	        2.165e-01
4.319	        2.071e-01
4.320	        1.980e-01
4.321	        1.892e-01
4.323	        1.807e-01
4.324	        1.724e-01
4.325	        1.644e-01
4.327	        1.567e-01
4.328	        1.492e-01
4.329	        1.420e-01
4.331	        1.351e-01
4.332	        1.284e-01
4.333	        1.220e-01
4.335	        1.158e-01
4.336	        1.098e-01
4.337	        1.041e-01
4.339	        9.859e-02
4.340	        9.333e-02
4.342	        8.829e-02
4.343	        8.347e-02
4.344	        7.887e-02
4.346	        7.447e-02
4.347	        7.029e-02
4.348	        6.630e-02
4.350	        6.251e-02
4.351	        5.891e-02
4.352	        5.550e-02
4.354	        5.227e-02
4.355	        4.920e-02
4.356	        4.630e-02
4.358	        4.356e-02
4.359	        4.097e-02
4.360	        3.854e-02
4.362	        3.624e-02
4.363	        3.407e-02
4.364	        3.203e-02
4.366	        3.011e-02
4.367	        2.829e-02
4.369	        2.659e-02
4.370	        2.498e-02
4.371	        2.349e-02
4.373	        2.208e-02
4.374	        2.077e-02
4.375	        1.954e-02
4.377	        1.838e-02
4.378	        1.729e-02
4.379	        1.627e-02
4.381	        1.531e-02
4.382	        1.441e-02
4.383	        1.357e-02
4.385	        1.279e-02
4.386	        1.205e-02
4.387	        1.136e-02
4.389	        1.072e-02
4.390	        1.011e-02
4.392	        9.539e-03
4.393	        9.003e-03
4.394	        8.501e-03
4.396	        8.031e-03
4.397	        7.591e-03
4.398	        7.179e-03
4.400	        6.792e-03
4.401	        6.427e-03
4.402	        6.084e-03
4.404	        5.763e-03
4.405	        5.463e-03
4.406	        5.182e-03
4.408	        4.916e-03
4.409	        4.665e-03
4.410	        4.427e-03
4.412	        4.201e-03
4.413	        3.987e-03
4.414	        3.787e-03
4.416	        3.599e-03
4.417	        3.422e-03
4.419	        3.256e-03
4.420	        3.099e-03
4.421	        2.951e-03
4.423	        2.811e-03
4.424	        2.680e-03
4.425	        2.558e-03
4.427	        2.445e-03
4.428	        2.338e-03
4.429	        2.236e-03
4.431	        2.140e-03
4.432	        2.047e-03
4.433	        1.960e-03
4.435	        1.878e-03
4.436	        1.800e-03
4.437	        1.724e-03
4.439	        1.651e-03
4.440	        1.579e-03
4.441	        1.510e-03
4.443	        1.446e-03
4.444	        1.385e-03
4.446	        1.327e-03
4.447	        1.271e-03
4.448	        1.216e-03
4.450	        1.161e-03
4.451	        1.110e-03
4.452	        1.065e-03
4.454	        1.026e-03
4.455	        9.927e-04
4.456	        9.614e-04
4.458	        9.299e-04
4.459	        8.966e-04
4.460	        8.607e-04
4.462	        8.232e-04
4.463	        7.863e-04
4.464	        7.521e-04
4.466	        7.213e-04
4.467	        6.952e-04
4.469	        6.738e-04
4.470	        6.567e-04
4.471	        6.410e-04
4.473	        6.246e-04
4.474	        6.045e-04
4.475	        5.801e-04
4.477	        5.516e-04
4.478	        5.219e-04
4.479	        4.951e-04
4.481	        4.747e-04
4.482	        4.613e-04
4.483	        4.522e-04
4.485	        4.443e-04
4.486	        4.340e-04
4.487	        4.211e-04
4.489	        4.057e-04
4.490	        3.910e-04
4.491	        3.780e-04
4.493	        3.669e-04
4.494	        3.563e-04
4.496	        3.456e-04
4.497	        3.351e-04
4.498	        3.248e-04
4.500	        3.148e-04
4.501	        3.039e-04
4.502	        2.923e-04
4.504	        2.795e-04
4.505	        2.678e-04
4.506	        2.580e-04
4.508	        2.514e-04
4.509	        2.464e-04
4.510	        2.419e-04
4.512	        2.363e-04
4.513	        2.303e-04
4.514	        2.238e-04
4.516	        2.179e-04
4.517	        2.122e-04
4.519	        2.072e-04
4.520	        2.020e-04
4.521	        1.964e-04
4.523	        1.901e-04
4.524	        1.840e-04
4.525	        1.784e-04
4.527	        1.734e-04
4.528	        1.686e-04
4.529	        1.637e-04
4.531	        1.583e-04
4.532	        1.518e-04
4.533	        1.445e-04
4.535	        1.373e-04
4.536	        1.317e-04
4.537	        1.280e-04
4.539	        1.257e-04
4.540	        1.234e-04
4.541	        1.204e-04
4.543	        1.158e-04
4.544	        1.094e-04
4.546	        1.017e-04
4.547	        9.426e-05
4.548	        8.841e-05
4.550	        8.468e-05
4.551	        8.309e-05
4.552	        8.317e-05
4.554	        8.422e-05
4.555	        8.509e-05
4.556	        8.561e-05
4.558	        8.605e-05
4.559	        8.737e-05
4.560	        8.944e-05
4.562	        9.170e-05
4.563	        9.286e-05
4.564	        9.117e-05
4.566	        8.585e-05
4.567	        7.737e-05
4.569	        6.803e-05
4.570	        5.984e-05
4.571	        5.484e-05
4.573	        5.188e-05
4.574	        5.033e-05
4.575	        4.848e-05
4.577	        4.640e-05
4.578	        4.292e-05
4.579	        3.896e-05
4.581	        3.534e-05
4.582	        3.347e-05
4.583	        3.364e-05
4.585	        3.473e-05
4.586	        3.576e-05
4.587	        3.569e-05
4.589	        3.450e-05
4.590	        3.097e-05
4.591	        2.656e-05
4.593	        2.111e-05
4.594	        1.555e-05
4.596	        1.046e-05
4.597	        5.990e-06
4.598	        2.117e-06
4.600	        1.706e-07
4.601	        1.400e-07
4.602	        2.065e-06
4.604	        5.789e-06
4.605	        9.412e-06
4.606	        1.229e-05
4.608	        1.400e-05
4.609	        1.210e-05
4.610	        8.381e-06
4.612	        4.757e-06
4.613	        1.881e-06
4.614	        4.458e-08
4.616	        3.939e-07
4.617	        9.990e-07
4.619	        1.461e-06
4.620	        1.798e-06
4.621	        1.814e-06
4.623	        1.436e-06
4.624	        8.310e-07
4.625	        3.694e-07
4.627	        3.190e-08
4.628	        1.000e-08
4.629	        1.000e-08
4.631	        1.000e-08
4.632	        1.000e-08
4.633	        1.000e-08
4.635	        1.000e-08
4.636	        1.000e-08
4.637	        1.000e-08
4.639	        1.000e-08
4.640	        1.000e-08
4.641	        1.000e-08
4.643	        1.000e-08
4.644	        1.000e-08
4.646	        1.000e-08
4.647	        1.000e-08
4.648	        1.000e-08
4.650	        1.000e-08
4.651	        1.000e-08
4.652	        1.000e-08
4.654	        1.000e-08
4.655	        1.000e-08
4.656	        1.000e-08
4.658	        1.000e-08
4.659	        1.000e-08
4.660	        1.000e-08
4.662	        1.000e-08
4.663	        1.000e-08
4.664	        1.000e-08
4.666	        1.000e-08
4.667	        1.000e-08
4.669	        1.000e-08
4.670	        1.000e-08
4.671	        1.000e-08
4.673	        1.000e-08
4.674	        1.000e-08
4.675	        1.000e-08
4.677	        1.000e-08
4.678	        1.000e-08
4.679	        1.000e-08
4.681	        1.000e-08
4.682	        1.000e-08
4.683	        1.000e-08
4.685	        1.000e-08
4.686	        1.000e-08
4.687	        1.000e-08
4.689	        1.000e-08
4.690	        1.000e-08
4.691	        1.000e-08
4.693	        1.000e-08
4.694	        1.000e-08
4.696	        1.000e-08
4.697	        1.000e-08
4.698	        1.000e-08
4.700	        1.000e-08
4.701	        1.000e-08
4.702	        1.000e-08
4.704	        1.000e-08
4.705	        1.000e-08
4.706	        1.000e-08
4.708	        1.000e-08
4.709	        1.000e-08
4.710	        1.000e-08
4.712	        1.000e-08
4.713	        1.000e-08
4.714	        1.000e-08
4.716	        1.000e-08
4.717	        1.000e-08
4.719	        1.000e-08
4.720	        1.000e-08
4.721	        1.000e-08
4.723	        1.000e-08
4.724	        1.000e-08
4.725	        1.000e-08
4.727	        1.000e-08
4.728	        1.000e-08
4.729	        1.000e-08
4.731	        1.000e-08
4.732	        1.000e-08
4.733	        1.000e-08
4.735	        1.000e-08
4.736	        1.000e-08
4.737	        1.000e-08
4.739	        1.000e-08
4.740	        1.000e-08
4.741	        1.000e-08
4.743	        1.000e-08
4.744	        1.000e-08
4.746	        1.000e-08
4.747	        1.000e-08
4.748	        1.000e-08
4.750	        1.000e-08
4.751	        1.000e-08
4.752	        1.000e-08
4.754	        1.000e-08
4.755	        1.000e-08
4.756	        1.000e-08
4.758	        1.000e-08
4.759	        1.000e-08
4.760	        1.000e-08
4.762	        1.000e-08
4.763	        1.000e-08
4.764	        1.000e-08
4.766	        1.000e-08
4.767	        1.000e-08
4.768	        1.000e-08
4.770	        1.000e-08
4.771	        1.000e-08
4.773	        1.000e-08
4.774	        1.000e-08
4.775	        1.000e-08
4.777	        1.000e-08
4.778	        1.000e-08
4.779	        1.000e-08
4.781	        1.000e-08
4.782	        1.000e-08
4.783	        1.000e-08
4.785	        1.000e-08
4.786	        1.000e-08
4.787	        1.000e-08
4.789	        1.000e-08
4.790	        1.000e-08
4.791	        1.327e-08
4.793	        2.982e-07
4.794	        1.284e-06
4.796	        1.828e-06
4.797	        1.846e-06
4.798	        1.843e-06
4.800	        1.558e-06
4.801	        5.722e-07
4.802	        2.868e-08
4.804	        1.208e-07
4.805	        1.354e-06
4.806	        2.366e-06
4.808	        2.841e-06
4.809	        3.028e-06
4.810	        3.044e-06
4.812	        1.936e-06
4.813	        1.135e-06
4.814	        1.484e-06
4.816	        4.926e-06
4.817	        1.019e-05
4.818	        1.651e-05
4.820	        2.222e-05
4.821	        2.645e-05
4.823	        2.703e-05
4.824	        2.501e-05
4.825	        2.052e-05
4.827	        1.540e-05
4.828	        1.070e-05
4.829	        6.661e-06
4.831	        3.436e-06
4.832	        1.512e-06
4.833	        7.158e-07
4.835	        4.260e-07
4.836	        3.359e-06
4.837	        8.688e-06
4.839	        1.650e-05
4.840	        2.538e-05
4.841	        3.438e-05
4.843	        4.016e-05
4.844	        4.262e-05
4.846	        4.159e-05
4.847	        3.833e-05
4.848	        3.435e-05
4.850	        3.025e-05
4.851	        2.718e-05
4.852	        2.545e-05
4.854	        2.544e-05
4.855	        2.643e-05
4.856	        2.813e-05
4.858	        2.891e-05
4.859	        2.887e-05
4.860	        2.812e-05
4.862	        2.729e-05
4.863	        2.683e-05
4.864	        2.679e-05
4.866	        2.709e-05
4.867	        2.801e-05
4.868	        2.990e-05
4.870	        3.361e-05
4.871	        3.873e-05
4.873	        4.439e-05
4.874	        4.822e-05
4.875	        4.926e-05
4.877	        4.633e-05
4.878	        4.073e-05
4.879	        3.345e-05
4.881	        2.660e-05
4.882	        2.109e-05
4.883	        1.820e-05
4.885	        1.899e-05
4.886	        2.417e-05
4.887	        3.221e-05
4.889	        4.165e-05
4.890	        4.902e-05
4.891	        5.213e-05
4.893	        4.959e-05
4.894	        4.338e-05
4.896	        3.480e-05
4.897	        2.749e-05
4.898	        2.294e-05
4.900	        2.140e-05
4.901	        2.112e-05
4.902	        2.111e-05
4.904	        1.954e-05
4.905	        1.715e-05
4.906	        1.517e-05
4.908	        1.504e-05
4.909	        1.783e-05
4.910	        2.274e-05
4.912	        2.865e-05
4.913	        3.314e-05
4.914	        3.543e-05
4.916	        3.441e-05
4.917	        3.126e-05
4.918	        2.656e-05
4.920	        2.294e-05
4.921	        2.096e-05
4.923	        2.180e-05
4.924	        2.549e-05
4.925	        3.179e-05
4.927	        3.897e-05
4.928	        4.663e-05
4.929	        5.236e-05
4.931	        5.561e-05
4.932	        5.554e-05
4.933	        5.258e-05
4.935	        4.701e-05
4.936	        4.021e-05
4.937	        3.291e-05
4.939	        2.661e-05
4.940	        2.178e-05
4.941	        1.948e-05
4.943	        1.989e-05
4.944	        2.267e-05
4.946	        2.703e-05
4.947	        3.241e-05
4.948	        3.809e-05
4.950	        4.383e-05
4.951	        4.893e-05
4.952	        5.324e-05
4.954	        5.646e-05
4.955	        5.836e-05
4.956	        5.909e-05
4.958	        5.854e-05
4.959	        5.725e-05
4.960	        5.579e-05
4.962	        5.447e-05
4.963	        5.383e-05
4.964	        5.372e-05
4.966	        5.378e-05
4.967	        5.413e-05
4.968	        5.460e-05
4.970	        5.590e-05
4.971	        5.820e-05
4.973	        6.083e-05
4.974	        6.211e-05
4.975	        6.144e-05
4.977	        5.790e-05
4.978	        5.232e-05
4.979	        4.536e-05
4.981	        3.888e-05
4.982	        3.355e-05
4.983	        3.037e-05
4.985	        3.031e-05
4.986	        3.350e-05
4.987	        3.948e-05
4.989	        4.668e-05
4.990	        5.340e-05
4.991	        5.773e-05
4.993	        5.952e-05
4.994	        5.848e-05
4.996	        5.668e-05
4.997	        5.481e-05
4.998	        5.328e-05
5.000	        5.198e-05
5.001	        4.992e-05
5.002	        4.684e-05
5.004	        4.312e-05
5.005	        3.999e-05
5.006	        3.832e-05
5.008	        3.894e-05
5.009	        4.113e-05
5.010	        4.452e-05
5.012	        4.823e-05
5.013	        5.127e-05
5.014	        5.305e-05
5.016	        5.276e-05
5.017	        5.014e-05
5.018	        4.546e-05
5.020	        4.039e-05
5.021	        3.602e-05
5.023	        3.405e-05
5.024	        3.469e-05
5.025	        3.809e-05
5.027	        4.319e-05
5.028	        4.983e-05
5.029	        5.658e-05
5.031	        6.296e-05
5.032	        6.657e-05
5.033	        6.705e-05
5.035	        6.298e-05
5.036	        5.587e-05
5.037	        4.715e-05
5.039	        3.942e-05
5.040	        3.363e-05
5.041	        3.106e-05
5.043	        3.068e-05
5.044	        3.186e-05
5.045	        3.425e-05
5.047	        3.658e-05
5.048	        3.865e-05
5.050	        3.921e-05
5.051	        3.811e-05
5.052	        3.543e-05
5.054	        3.248e-05
5.055	        3.016e-05
5.056	        3.018e-05
5.058	        3.262e-05
5.059	        3.665e-05
5.060	        4.152e-05
5.062	        4.437e-05
5.063	        4.495e-05
5.064	        4.296e-05
5.066	        3.972e-05
5.067	        3.664e-05
5.068	        3.560e-05
5.070	        3.605e-05
5.071	        3.752e-05
5.073	        3.901e-05
5.074	        3.999e-05
5.075	        4.094e-05
5.077	        4.085e-05
5.078	        3.995e-05
5.079	        3.754e-05
5.081	        3.361e-05
5.082	        2.875e-05
5.083	        2.465e-05
5.085	        2.187e-05
5.086	        2.149e-05
5.087	        2.297e-05
5.089	        2.547e-05
5.090	        2.868e-05
5.091	        3.115e-05
5.093	        3.266e-05
5.094	        3.346e-05
5.095	        3.380e-05
5.097	        3.409e-05
5.098	        3.518e-05
5.100	        3.652e-05
5.101	        3.782e-05
5.102	        3.910e-05
5.104	        3.969e-05
5.105	        3.975e-05
5.106	        3.892e-05
5.108	        3.699e-05
5.109	        3.548e-05
5.110	        3.487e-05
5.112	        3.666e-05
5.113	        4.209e-05
5.114	        5.033e-05
5.116	        5.950e-05
5.117	        6.843e-05
5.118	        7.478e-05
5.120	        7.714e-05
5.121	        7.578e-05
5.123	        7.082e-05
5.124	        6.430e-05
5.125	        5.761e-05
5.127	        5.202e-05
5.128	        4.817e-05
5.129	        4.637e-05
5.131	        4.555e-05
5.132	        4.664e-05
5.133	        4.946e-05
5.135	        5.348e-05
5.136	        5.819e-05
5.137	        6.252e-05
5.139	        6.459e-05
5.140	        6.379e-05
5.141	        5.933e-05
5.143	        5.146e-05
5.144	        4.223e-05
5.145	        3.273e-05
5.147	        2.530e-05
5.148	        2.204e-05
5.150	        2.187e-05
5.151	        2.345e-05
5.152	        2.583e-05
5.154	        2.734e-05
5.155	        2.805e-05
5.156	        2.917e-05
5.158	        3.028e-05
5.159	        3.200e-05
5.160	        3.487e-05
5.162	        3.813e-05
5.163	        4.216e-05
5.164	        4.646e-05
5.166	        4.945e-05
5.167	        5.066e-05
5.168	        4.998e-05
5.170	        4.809e-05
5.171	        4.666e-05
5.173	        4.576e-05
5.174	        4.488e-05
5.175	        4.388e-05
5.177	        4.181e-05
5.178	        3.978e-05
5.179	        3.933e-05
5.181	        4.063e-05
5.182	        4.382e-05
5.183	        4.892e-05
5.185	        5.435e-05
5.186	        5.990e-05
5.187	        6.537e-05
5.189	        6.934e-05
5.190	        7.133e-05
5.191	        7.052e-05
5.193	        6.706e-05
5.194	        6.147e-05
5.195	        5.551e-05
5.197	        4.995e-05
5.198	        4.590e-05
5.200	        4.348e-05
5.201	        4.252e-05
5.202	        4.257e-05
5.204	        4.346e-05
5.205	        4.490e-05
5.206	        4.635e-05
5.208	        4.776e-05
5.209	        4.829e-05
5.210	        4.765e-05
5.212	        4.697e-05
5.213	        4.669e-05
5.214	        4.746e-05
5.216	        5.032e-05
5.217	        5.254e-05
5.218	        5.302e-05
5.220	        5.143e-05
5.221	        4.766e-05
5.223	        4.355e-05
5.224	        4.203e-05
5.225	        4.249e-05
5.227	        4.490e-05
5.228	        4.801e-05
5.229	        4.969e-05
5.231	        4.959e-05
5.232	        4.810e-05
5.233	        4.523e-05
5.235	        4.246e-05
5.236	        4.116e-05
5.237	        4.187e-05
5.239	        4.501e-05
5.240	        4.997e-05
5.241	        5.468e-05
5.243	        5.760e-05
5.244	        5.819e-05
5.245	        5.624e-05
5.247	        5.269e-05
5.248	        4.933e-05
5.250	        4.677e-05
5.251	        4.629e-05
5.252	        4.877e-05
5.254	        5.322e-05
5.255	        5.847e-05
5.256	        6.199e-05
5.258	        6.193e-05
5.259	        5.862e-05
5.260	        5.349e-05
5.262	        4.886e-05
5.263	        4.804e-05
5.264	        5.111e-05
5.266	        5.625e-05
5.267	        6.176e-05
5.268	        6.563e-05
5.270	        6.609e-05
5.271	        6.381e-05
5.273	        5.961e-05
5.274	        5.475e-05
5.275	        5.080e-05
5.277	        4.879e-05
5.278	        4.843e-05
5.279	        4.918e-05
5.281	        5.044e-05
5.282	        5.098e-05
5.283	        5.106e-05
5.285	        5.130e-05
5.286	        5.119e-05
5.287	        5.099e-05
5.289	        5.006e-05
5.290	        4.770e-05
5.291	        4.442e-05
5.293	        4.103e-05
5.294	        3.807e-05
5.295	        3.643e-05
5.297	        3.626e-05
5.298	        3.694e-05
5.300	        3.830e-05
5.301	        3.998e-05
5.302	        4.136e-05
5.304	        4.216e-05
5.305	        4.231e-05
5.306	        4.178e-05
5.308	        4.048e-05
5.309	        3.891e-05
5.310	        3.715e-05
5.312	        3.523e-05
5.313	        3.405e-05
5.314	        3.407e-05
5.316	        3.546e-05
5.317	        3.841e-05
5.318	        4.239e-05
5.320	        4.627e-05
5.321	        4.979e-05
5.323	        5.292e-05
5.324	        5.523e-05
5.325	        5.711e-05
5.327	        5.844e-05
5.328	        5.883e-05
5.329	        5.844e-05
5.331	        5.769e-05
5.332	        5.631e-05
5.333	        5.446e-05
5.335	        5.213e-05
5.336	        4.897e-05
5.337	        4.555e-05
5.339	        4.286e-05
5.340	        4.133e-05
5.341	        4.134e-05
5.343	        4.287e-05
5.344	        4.498e-05
5.345	        4.674e-05
5.347	        4.757e-05
5.348	        4.660e-05
5.350	        4.315e-05
5.351	        3.818e-05
5.352	        3.273e-05
5.354	        2.784e-05
5.355	        2.613e-05
5.356	        2.892e-05
5.358	        3.436e-05
5.359	        4.152e-05
5.360	        4.785e-05
5.362	        5.136e-05
5.363	        5.105e-05
5.364	        4.825e-05
5.366	        4.388e-05
5.367	        3.994e-05
5.368	        3.807e-05
5.370	        3.903e-05
5.371	        4.216e-05
5.372	        4.680e-05
5.374	        5.106e-05
5.375	        5.314e-05
5.377	        5.336e-05
5.378	        5.230e-05
5.379	        5.073e-05
5.381	        5.087e-05
5.382	        5.192e-05
5.383	        5.283e-05
5.385	        5.279e-05
5.386	        5.071e-05
5.387	        4.672e-05
5.389	        4.216e-05
5.390	        3.803e-05
5.391	        3.559e-05
5.393	        3.523e-05
5.394	        3.674e-05
5.395	        3.956e-05
5.397	        4.251e-05
5.398	        4.481e-05
5.400	        4.568e-05
5.401	        4.492e-05
5.402	        4.282e-05
5.404	        4.012e-05
5.405	        3.711e-05
5.406	        3.444e-05
5.408	        3.291e-05
5.409	        3.247e-05
5.410	        3.331e-05
5.412	        3.545e-05
5.413	        3.766e-05
5.414	        3.882e-05
5.416	        3.916e-05
5.417	        3.854e-05
5.418	        3.772e-05
5.420	        3.862e-05
5.421	        4.113e-05
5.422	        4.450e-05
5.424	        4.827e-05
5.425	        5.108e-05
5.427	        5.237e-05
5.428	        5.287e-05
5.429	        5.301e-05
5.431	        5.280e-05
5.432	        5.262e-05
5.433	        5.114e-05
5.435	        4.820e-05
5.436	        4.249e-05
5.437	        3.521e-05
5.439	        2.669e-05
5.440	        1.875e-05
5.441	        1.238e-05
5.443	        9.685e-06
5.444	        9.678e-06
5.445	        1.190e-05
5.447	        1.522e-05
5.448	        1.797e-05
5.450	        1.962e-05
5.451	        2.062e-05
5.452	        2.084e-05
5.454	        1.989e-05
5.455	        1.806e-05
5.456	        1.463e-05
5.458	        1.049e-05
5.459	        6.997e-06
5.460	        6.858e-06
5.462	        9.601e-06
5.463	        1.587e-05
5.464	        2.289e-05
5.466	        2.907e-05
5.467	        3.265e-05
5.468	        3.436e-05
5.470	        3.370e-05
5.471	        3.198e-05
5.472	        2.950e-05
5.474	        2.586e-05
5.475	        2.174e-05
5.477	        1.899e-05
5.478	        1.817e-05
5.479	        1.964e-05
5.481	        2.400e-05
5.482	        2.803e-05
5.483	        3.021e-05
5.485	        2.927e-05
5.486	        2.567e-05
5.487	        2.036e-05
5.489	        1.644e-05
5.490	        1.460e-05
5.491	        1.732e-05
5.493	        2.477e-05
5.494	        3.428e-05
5.495	        4.490e-05
5.497	        5.284e-05
5.498	        5.673e-05
5.500	        5.461e-05
5.501	        4.856e-05
5.502	        3.932e-05
5.504	        3.045e-05
5.505	        2.134e-05
5.506	        1.413e-05
5.508	        8.794e-06
5.509	        5.169e-06
5.510	        2.904e-06
5.512	        2.730e-06
5.513	        3.856e-06
5.514	        4.654e-06
5.516	        5.042e-06
5.517	        5.729e-06
5.518	        6.774e-06
5.520	        8.384e-06
5.521	        1.198e-05
5.522	        1.667e-05
5.524	        2.103e-05
5.525	        2.470e-05
5.527	        2.734e-05
5.528	        2.835e-05
5.529	        2.822e-05
5.531	        2.740e-05
5.532	        2.505e-05
5.533	        2.168e-05
5.535	        1.856e-05
5.536	        1.604e-05
5.537	        1.487e-05
5.539	        1.646e-05
5.540	        2.008e-05
5.541	        2.408e-05
5.543	        2.833e-05
5.544	        3.212e-05
5.545	        3.480e-05
5.547	        3.597e-05
5.548	        3.615e-05
5.550	        3.417e-05
5.551	        3.054e-05
5.552	        2.652e-05
5.554	        2.310e-05
5.555	        2.092e-05
5.556	        2.210e-05
5.558	        2.617e-05
5.559	        3.109e-05
5.560	        3.631e-05
5.562	        3.959e-05
5.563	        4.019e-05
5.564	        3.759e-05
5.566	        3.305e-05
5.567	        2.756e-05
5.568	        2.290e-05
5.570	        1.924e-05
5.571	        1.745e-05
5.572	        1.722e-05
5.574	        1.786e-05
5.575	        1.919e-05
5.577	        2.109e-05
5.578	        2.336e-05
5.579	        2.488e-05
5.581	        2.550e-05
5.582	        2.383e-05
5.583	        2.009e-05
5.585	        1.527e-05
5.586	        1.105e-05
5.587	        7.659e-06
5.589	        7.293e-06
5.590	        1.045e-05
5.591	        1.450e-05
5.593	        1.878e-05
5.594	        2.233e-05
5.595	        2.408e-05
5.597	        2.287e-05
5.598	        2.019e-05
5.600	        1.655e-05
5.601	        1.326e-05
5.602	        1.055e-05
5.604	        8.196e-06
5.605	        7.691e-06