# JWST NIRCAM preliminary Filter transmission curve
# http://www.stsci.edu/jwst/instruments/nircam/instrumentdesign/filters
# retrieved 2014.09.09 by S.Rodney
# Microns	Transmission
0.833	        2.507e-04
0.835	        8.852e-04
0.836	        1.448e-03
0.838	        2.160e-03
0.839	        2.938e-03
0.841	        3.598e-03
0.843	        3.900e-03
0.844	        3.951e-03
0.846	        3.915e-03
0.847	        3.888e-03
0.849	        3.954e-03
0.851	        3.837e-03
0.852	        3.749e-03
0.854	        3.588e-03
0.856	        3.076e-03
0.857	        2.312e-03
0.859	        1.568e-03
0.860	        8.881e-04
0.862	        3.075e-04
0.864	        6.891e-05
0.865	        2.829e-05
0.867	        2.829e-05
0.868	        5.837e-06
0.870	        5.877e-06
0.872	        5.877e-06
0.873	        4.976e-08
0.875	        5.064e-08
0.876	        1.563e-07
0.878	        1.166e-07
0.880	        1.166e-07
0.881	        1.166e-07
0.883	        1.157e-07
0.884	        1.000e-08
0.886	        9.767e-06
0.888	        3.533e-05
0.889	        3.533e-05
0.891	        3.545e-05
0.892	        4.378e-05
0.894	        4.358e-05
0.896	        1.914e-05
0.897	        4.069e-05
0.899	        4.057e-05
0.901	        3.224e-05
0.902	        2.280e-05
0.904	        3.864e-05
0.905	        2.305e-05
0.907	        2.305e-05
0.909	        2.305e-05
0.910	        2.294e-05
0.912	        1.266e-05
0.913	        2.745e-05
0.915	        4.901e-05
0.917	        5.547e-05
0.918	        5.547e-05
0.920	        5.001e-05
0.921	        2.926e-05
0.923	        8.152e-06
0.925	        5.653e-06
0.926	        5.653e-06
0.928	        4.421e-06
0.929	        4.421e-06
0.931	        4.577e-06
0.933	        2.773e-06
0.934	        2.773e-06
0.936	        4.300e-06
0.938	        4.309e-06
0.939	        6.955e-06
0.941	        4.804e-06
0.942	        4.804e-06
0.944	        3.277e-06
0.946	        3.268e-06
0.947	        1.209e-08
0.949	        1.000e-08
0.950	        1.000e-08
0.952	        2.720e-05
0.954	        2.720e-05
0.955	        3.386e-05
0.957	        4.579e-05
0.958	        4.611e-05
0.960	        1.893e-05
0.962	        2.468e-05
0.963	        1.802e-05
0.965	        9.546e-06
0.966	        9.522e-06
0.968	        9.522e-06
0.970	        9.338e-06
0.971	        1.189e-05
0.973	        8.432e-06
0.975	        8.385e-06
0.976	        8.385e-06
0.978	        2.814e-06
0.979	        5.368e-06
0.981	        9.786e-06
0.983	        9.538e-06
0.984	        9.538e-06
0.986	        9.538e-06
0.987	        4.433e-06
0.989	        1.000e-08
0.991	        1.000e-08
0.992	        1.122e-08
0.994	        1.122e-08
0.995	        1.122e-08
0.997	        1.122e-08
0.999	        1.122e-08
1.000	        4.105e-06
1.002	        5.187e-06
1.003	        5.187e-06
1.005	        5.187e-06
1.007	        5.187e-06
1.008	        1.401e-06
1.010	        3.193e-07
1.011	        3.462e-07
1.013	        3.631e-07
1.015	        5.724e-07
1.016	        7.976e-06
1.018	        1.563e-05
1.020	        1.758e-05
1.021	        2.209e-05
1.023	        2.189e-05
1.024	        2.160e-05
1.026	        2.349e-05
1.028	        2.154e-05
1.029	        2.053e-05
1.031	        3.032e-05
1.032	        2.289e-05
1.034	        1.872e-05
1.036	        2.335e-05
1.037	        1.984e-05
1.039	        1.129e-05
1.040	        1.223e-05
1.042	        6.866e-06
1.044	        2.194e-06
1.045	        2.194e-06
1.047	        1.231e-06
1.048	        3.280e-07
1.050	        3.777e-07
1.052	        1.034e-05
1.053	        1.095e-05
1.055	        1.116e-05
1.057	        1.688e-05
1.058	        1.883e-05
1.060	        8.869e-06
1.061	        8.298e-06
1.063	        8.940e-06
1.065	        7.986e-06
1.066	        8.732e-06
1.068	        1.800e-05
1.069	        1.931e-05
1.071	        1.818e-05
1.073	        1.758e-05
1.074	        1.689e-05
1.076	        7.626e-06
1.077	        1.545e-05
1.079	        2.654e-05
1.081	        3.547e-05
1.082	        3.883e-05
1.084	        5.474e-05
1.085	        6.194e-05
1.087	        6.258e-05
1.089	        5.868e-05
1.090	        6.336e-05
1.092	        6.171e-05
1.094	        4.975e-05
1.095	        4.250e-05
1.097	        3.362e-05
1.098	        2.570e-05
1.100	        1.379e-05
1.102	        1.320e-05
1.103	        1.605e-05
1.105	        2.182e-05
1.106	        2.604e-05
1.108	        2.374e-05
1.110	        2.267e-05
1.111	        1.965e-05
1.113	        1.803e-05
1.114	        1.284e-05
1.116	        1.561e-05
1.118	        1.285e-05
1.119	        8.545e-06
1.121	        5.256e-06
1.122	        4.041e-06
1.124	        1.224e-06
1.126	        2.409e-06
1.127	        2.457e-06
1.129	        1.735e-06
1.130	        1.735e-06
1.132	        1.728e-06
1.134	        5.427e-07
1.135	        4.903e-07
1.137	        1.317e-07
1.139	        1.317e-07
1.140	        1.488e-07
1.142	        3.776e-06
1.143	        6.582e-06
1.145	        1.440e-05
1.147	        1.786e-05
1.148	        1.996e-05
1.150	        1.634e-05
1.151	        1.356e-05
1.153	        9.868e-06
1.155	        1.166e-05
1.156	        1.081e-05
1.158	        1.333e-05
1.159	        1.521e-05
1.161	        1.400e-05
1.163	        8.995e-06
1.164	        7.724e-06
1.166	        5.202e-06
1.167	        3.966e-06
1.169	        3.411e-06
1.171	        3.165e-06
1.172	        3.165e-06
1.174	        3.165e-06
1.176	        2.495e-06
1.177	        1.216e-08
1.179	        1.000e-08
1.180	        1.000e-08
1.182	        1.000e-08
1.184	        1.000e-08
1.185	        2.640e-08
1.187	        3.220e-08
1.188	        3.635e-08
1.190	        1.452e-06
1.192	        1.053e-05
1.193	        4.710e-05
1.195	        1.304e-04
1.196	        2.955e-04
1.198	        5.787e-04
1.200	        1.001e-03
1.201	        1.543e-03
1.203	        2.123e-03
1.204	        2.627e-03
1.206	        2.973e-03
1.208	        3.154e-03
1.209	        3.197e-03
1.211	        3.163e-03
1.213	        3.126e-03
1.214	        3.128e-03
1.216	        3.142e-03
1.217	        3.139e-03
1.219	        3.122e-03
1.221	        3.099e-03
1.222	        3.067e-03
1.224	        3.041e-03
1.225	        3.022e-03
1.227	        3.002e-03
1.229	        2.981e-03
1.230	        2.971e-03
1.232	        2.962e-03
1.233	        2.955e-03
1.235	        2.950e-03
1.237	        2.949e-03
1.238	        2.937e-03
1.240	        2.918e-03
1.241	        2.897e-03
1.243	        2.875e-03
1.245	        2.846e-03
1.246	        2.817e-03
1.248	        2.799e-03
1.249	        2.784e-03
1.251	        2.773e-03
1.253	        2.771e-03
1.254	        2.774e-03
1.256	        2.772e-03
1.258	        2.772e-03
1.259	        2.774e-03
1.261	        2.778e-03
1.262	        2.778e-03
1.264	        2.772e-03
1.266	        2.765e-03
1.267	        2.754e-03
1.269	        2.740e-03
1.270	        2.726e-03
1.272	        2.711e-03
1.274	        2.692e-03
1.275	        2.672e-03
1.277	        2.651e-03
1.278	        2.634e-03
1.280	        2.620e-03
1.282	        2.608e-03
1.283	        2.595e-03
1.285	        2.571e-03
1.286	        2.520e-03
1.288	        2.418e-03
1.290	        2.257e-03
1.291	        2.042e-03
1.293	        1.779e-03
1.295	        1.468e-03
1.296	        1.149e-03
1.298	        8.487e-04
1.299	        5.815e-04
1.301	        3.615e-04
1.303	        2.074e-04
1.304	        1.102e-04
1.306	        5.328e-05
1.307	        2.394e-05
1.309	        8.571e-06
1.311	        3.467e-06
1.312	        2.394e-06
1.314	        2.392e-06
1.315	        7.830e-07
1.317	        4.716e-07
1.319	        1.420e-06
1.320	        1.433e-06
1.322	        9.802e-07
1.323	        9.805e-07
1.325	        1.407e-06
1.327	        1.129e-06
1.328	        1.142e-06
1.330	        1.142e-06
1.332	        1.142e-06
1.333	        7.067e-07
1.335	        4.356e-08
1.336	        1.572e-06
1.338	        3.032e-06
1.340	        3.041e-06
1.341	        3.041e-06
1.343	        3.034e-06
1.344	        1.478e-06
1.346	        1.885e-08
1.348	        1.000e-08
1.349	        1.000e-08
1.351	        1.000e-08
1.352	        1.000e-08
1.354	        1.000e-08
1.356	        1.000e-08
1.357	        1.000e-08
1.359	        1.000e-08
1.360	        1.000e-08
1.362	        1.000e-08
1.364	        9.840e-08
1.365	        1.003e-07
1.367	        1.003e-07
1.368	        1.003e-07
1.370	        1.003e-07
1.372	        1.186e-08
1.373	        1.000e-08
1.375	        1.000e-08
1.377	        1.000e-08
1.378	        1.000e-08
1.380	        1.000e-08
1.381	        1.000e-08
1.383	        1.000e-08
1.385	        1.030e-08
1.386	        1.121e-07
1.388	        1.425e-06
1.389	        1.553e-06
1.391	        1.553e-06
1.393	        1.573e-06
1.394	        1.737e-06
1.396	        4.342e-07
1.397	        3.065e-07
1.399	        3.065e-07
1.401	        6.534e-07
1.402	        3.216e-06
1.404	        5.147e-06
1.405	        7.592e-06
1.407	        1.097e-05
1.409	        1.475e-05
1.410	        1.594e-05
1.412	        1.503e-05
1.414	        1.259e-05
1.415	        1.113e-05
1.417	        1.066e-05
1.418	        1.040e-05
1.420	        1.263e-05
1.422	        1.625e-05
1.423	        1.725e-05
1.425	        1.478e-05
1.426	        1.268e-05
1.428	        1.245e-05
1.430	        1.063e-05
1.431	        9.280e-06
1.433	        1.053e-05
1.434	        1.085e-05
1.436	        1.009e-05
1.438	        1.355e-05
1.439	        1.808e-05
1.441	        1.996e-05
1.442	        1.940e-05
1.444	        1.749e-05
1.446	        1.267e-05
1.447	        6.640e-06
1.449	        2.310e-06
1.450	        9.104e-07
1.452	        1.832e-06
1.454	        2.312e-06
1.455	        2.319e-06
1.457	        2.319e-06
1.459	        2.294e-06
1.460	        1.009e-06
1.462	        1.368e-06
1.463	        2.229e-06
1.465	        2.697e-06
1.467	        4.735e-06
1.468	        6.039e-06
1.470	        5.310e-06
1.471	        5.410e-06
1.473	        4.941e-06
1.475	        2.904e-06
1.476	        2.740e-06
1.478	        5.123e-06
1.479	        4.096e-06
1.481	        4.096e-06
1.483	        4.096e-06
1.484	        2.947e-06
1.486	        1.637e-08
1.487	        1.000e-08
1.489	        1.000e-08
1.491	        1.000e-08
1.492	        1.000e-08
1.494	        1.000e-08
1.496	        1.000e-08
1.497	        1.000e-08
1.499	        1.000e-08
1.500	        1.000e-08
1.502	        1.000e-08
1.504	        1.000e-08
1.505	        1.000e-08
1.507	        1.000e-08
1.508	        1.000e-08
1.510	        1.000e-08
1.512	        1.000e-08
1.513	        1.000e-08
1.515	        1.000e-08
1.516	        1.000e-08
1.518	        1.000e-08
1.520	        1.000e-08
1.521	        1.000e-08
1.523	        1.000e-08
1.524	        1.000e-08
1.526	        1.000e-08
1.528	        1.000e-08
1.529	        1.000e-08
1.531	        1.000e-08
1.533	        1.000e-08
1.534	        1.000e-08
1.536	        1.000e-08
1.537	        1.000e-08
1.539	        1.000e-08
1.541	        1.000e-08
1.542	        1.000e-08
1.544	        1.000e-08
1.545	        1.000e-08
1.547	        1.000e-08
1.549	        1.000e-08
1.550	        1.000e-08
1.552	        1.000e-08
1.553	        1.000e-08
1.555	        1.000e-08
1.557	        1.000e-08
1.558	        1.000e-08
1.560	        2.762e-07
1.561	        2.956e-07
1.563	        2.956e-07
1.565	        2.956e-07
1.566	        2.956e-07
1.568	        2.937e-08
1.569	        1.000e-08
1.571	        1.043e-07
1.573	        1.272e-07
1.574	        1.272e-07
1.576	        1.272e-07
1.578	        1.272e-07
1.579	        3.286e-08
1.581	        1.000e-08
1.582	        1.000e-08
1.584	        1.000e-08
1.586	        1.000e-08
1.587	        1.000e-08
1.589	        1.000e-08
1.590	        1.000e-08
1.592	        1.000e-08
1.594	        1.000e-08
1.595	        1.172e-08
1.597	        2.125e-07
1.598	        2.171e-07
1.600	        2.171e-07
1.602	        2.171e-07
1.603	        2.154e-07
1.605	        1.465e-08
1.606	        1.000e-08
1.608	        1.000e-08
1.610	        1.000e-08
1.611	        1.000e-08
1.613	        1.000e-08
1.615	        1.000e-08
1.616	        1.000e-08
1.618	        1.000e-08
1.619	        1.000e-08
1.621	        1.000e-08
1.623	        1.000e-08
1.624	        1.000e-08
1.626	        1.000e-08
1.627	        1.000e-08
1.629	        1.000e-08
1.631	        1.000e-08
1.632	        1.000e-08
1.634	        1.000e-08
1.635	        1.000e-08
1.637	        1.000e-08
1.639	        8.895e-08
1.640	        1.338e-06
1.642	        2.435e-06
1.643	        3.351e-06
1.645	        4.158e-06
1.647	        5.188e-06
1.648	        5.709e-06
1.650	        6.035e-06
1.652	        5.131e-06
1.653	        4.389e-06
1.655	        7.592e-06
1.656	        1.327e-05
1.658	        1.951e-05
1.660	        2.638e-05
1.661	        3.249e-05
1.663	        3.444e-05
1.664	        3.298e-05
1.666	        3.131e-05
1.668	        3.112e-05
1.669	        3.385e-05
1.671	        3.648e-05
1.672	        3.866e-05
1.674	        3.988e-05
1.676	        3.967e-05
1.677	        3.782e-05
1.679	        3.646e-05
1.680	        3.584e-05
1.682	        3.516e-05
1.684	        3.523e-05
1.685	        3.526e-05
1.687	        3.588e-05
1.688	        3.831e-05
1.690	        4.275e-05
1.692	        4.744e-05
1.693	        5.118e-05
1.695	        5.291e-05
1.697	        5.243e-05
1.698	        5.116e-05
1.700	        5.093e-05
1.701	        5.199e-05
1.703	        5.476e-05
1.705	        5.842e-05
1.706	        6.067e-05
1.708	        6.003e-05
1.709	        5.696e-05
1.711	        5.198e-05
1.713	        4.615e-05
1.714	        4.164e-05
1.716	        3.921e-05
1.717	        3.746e-05
1.719	        3.573e-05
1.721	        3.294e-05
1.722	        2.834e-05
1.724	        2.221e-05
1.725	        1.646e-05
1.727	        1.186e-05
1.729	        7.846e-06
1.730	        5.066e-06
1.732	        3.252e-06
1.734	        1.915e-06
1.735	        5.981e-07
1.737	        7.105e-08
1.738	        1.000e-08
1.740	        1.000e-08
1.742	        1.000e-08
1.743	        1.000e-08
1.745	        1.000e-08
1.746	        1.000e-08
1.748	        1.000e-08
1.750	        1.000e-08
1.751	        1.339e-08
1.753	        1.239e-07
1.754	        1.356e-07
1.756	        1.356e-07
1.758	        1.356e-07
1.759	        1.322e-07
1.761	        2.163e-08
1.762	        1.000e-08
1.764	        1.000e-08
1.766	        1.756e-08
1.767	        4.976e-07
1.769	        5.173e-07
1.771	        5.173e-07
1.772	        5.173e-07
1.774	        5.097e-07
1.775	        2.971e-08
1.777	        1.000e-08
1.779	        1.000e-08
1.780	        1.310e-08
1.782	        1.033e-07
1.783	        5.272e-07
1.785	        1.601e-06
1.787	        2.938e-06
1.788	        3.706e-06
1.790	        4.021e-06
1.791	        4.086e-06
1.793	        3.631e-06
1.795	        3.115e-06
1.796	        3.701e-06
1.798	        5.308e-06
1.799	        7.547e-06
1.801	        1.003e-05
1.803	        1.246e-05
1.804	        1.419e-05
1.806	        1.562e-05
1.807	        1.692e-05
1.809	        1.872e-05
1.811	        2.010e-05
1.812	        2.104e-05
1.814	        2.148e-05
1.816	        2.152e-05
1.817	        2.116e-05
1.819	        2.187e-05
1.820	        2.382e-05
1.822	        2.609e-05
1.824	        2.751e-05
1.825	        2.768e-05
1.827	        2.653e-05
1.828	        2.455e-05
1.830	        2.243e-05
1.832	        2.147e-05
1.833	        2.133e-05
1.835	        2.090e-05
1.836	        1.952e-05
1.838	        1.710e-05
1.840	        1.313e-05
1.841	        8.840e-06
1.843	        5.303e-06
1.844	        3.050e-06
1.846	        2.033e-06
1.848	        1.922e-06
1.849	        2.110e-06
1.851	        2.533e-06
1.853	        2.189e-06
1.854	        1.591e-06
1.856	        1.142e-06
1.857	        6.728e-07
1.859	        3.469e-08
1.861	        1.000e-08
1.862	        1.000e-08
1.864	        1.000e-08
1.865	        1.000e-08
1.867	        1.000e-08
1.869	        1.000e-08
1.870	        1.000e-08
1.872	        1.000e-08
1.873	        1.000e-08
1.875	        1.000e-08
1.877	        1.000e-08
1.878	        1.000e-08
1.880	        1.000e-08
1.881	        1.000e-08
1.883	        1.000e-08
1.885	        1.000e-08
1.886	        1.000e-08
1.888	        1.000e-08
1.890	        1.000e-08
1.891	        1.000e-08
1.893	        1.000e-08
1.894	        1.000e-08
1.896	        1.000e-08
1.898	        1.000e-08
1.899	        1.000e-08
1.901	        1.000e-08
1.902	        1.000e-08
1.904	        1.000e-08
1.906	        1.000e-08
1.907	        1.000e-08
1.909	        1.000e-08
1.910	        1.000e-08
1.912	        1.000e-08
1.914	        1.000e-08
1.915	        1.000e-08
1.917	        1.000e-08
1.918	        1.000e-08
1.920	        1.000e-08
1.922	        1.000e-08
1.923	        1.000e-08
1.925	        1.000e-08
1.926	        1.000e-08
1.928	        1.000e-08
1.930	        1.000e-08
1.931	        1.000e-08
1.933	        1.000e-08
1.935	        1.000e-08
1.936	        1.000e-08
1.938	        1.000e-08
1.939	        1.000e-08
1.941	        1.000e-08
1.943	        1.000e-08
1.944	        1.000e-08
1.946	        1.000e-08
1.947	        1.000e-08
1.949	        1.000e-08
1.951	        1.000e-08
1.952	        1.000e-08
1.954	        1.000e-08
1.955	        1.000e-08
1.957	        1.000e-08
1.959	        1.000e-08
1.960	        1.000e-08
1.962	        1.000e-08
1.963	        1.000e-08
1.965	        1.000e-08
1.967	        1.000e-08
1.968	        1.000e-08
1.970	        1.000e-08
1.972	        1.000e-08
1.973	        1.000e-08
1.975	        1.000e-08
1.976	        1.000e-08
1.978	        1.000e-08
1.980	        1.000e-08
1.981	        1.000e-08
1.983	        1.000e-08
1.984	        1.000e-08
1.986	        1.000e-08
1.988	        1.000e-08
1.989	        1.000e-08
1.991	        1.000e-08
1.992	        1.000e-08
1.994	        1.000e-08
1.996	        1.000e-08
1.997	        1.000e-08
1.999	        1.000e-08
2.000	        1.000e-08
2.002	        1.000e-08
2.004	        1.000e-08
2.005	        1.000e-08
2.007	        1.000e-08
2.009	        1.000e-08
2.010	        1.000e-08
2.012	        1.000e-08
2.013	        1.000e-08
2.015	        1.000e-08
2.017	        1.000e-08
2.018	        1.000e-08
2.020	        1.000e-08
2.021	        1.000e-08
2.023	        1.000e-08
2.025	        1.000e-08
2.026	        1.000e-08
2.028	        1.000e-08
2.029	        1.000e-08
2.031	        1.000e-08
2.033	        1.000e-08
2.034	        1.000e-08
2.036	        1.000e-08
2.037	        1.000e-08
2.039	        1.000e-08
2.041	        1.000e-08
2.042	        1.000e-08
2.044	        1.000e-08
2.045	        1.000e-08
2.047	        1.000e-08
2.049	        1.000e-08
2.050	        1.000e-08
2.052	        1.000e-08
2.054	        1.000e-08
2.055	        1.000e-08
2.057	        1.000e-08
2.058	        1.000e-08
2.060	        1.000e-08
2.062	        1.000e-08
2.063	        1.000e-08
2.065	        1.000e-08
2.066	        1.000e-08
2.068	        1.000e-08
2.070	        1.000e-08
2.071	        1.000e-08
2.073	        1.000e-08
2.074	        1.000e-08
2.076	        1.000e-08
2.078	        1.000e-08
2.079	        1.000e-08
2.081	        1.000e-08
2.082	        1.000e-08
2.084	        1.000e-08
2.086	        1.000e-08
2.087	        1.000e-08
2.089	        1.000e-08
2.091	        1.000e-08
2.092	        1.000e-08
2.094	        1.000e-08
2.095	        1.000e-08
2.097	        1.000e-08
2.099	        2.730e-08
2.100	        6.029e-07
2.102	        3.360e-06
2.103	        6.223e-06
2.105	        9.021e-06
2.107	        1.152e-05
2.108	        1.186e-05
2.110	        9.130e-06
2.111	        6.267e-06
2.113	        3.469e-06
2.115	        9.545e-07
2.116	        4.178e-08
2.118	        1.000e-08
2.119	        1.000e-08
2.121	        1.000e-08
2.123	        1.000e-08
2.124	        1.000e-08
2.126	        1.000e-08
2.128	        1.000e-08
2.129	        1.000e-08
2.131	        1.000e-08
2.132	        1.000e-08
2.134	        1.000e-08
2.136	        1.000e-08
2.137	        1.000e-08
2.139	        1.000e-08
2.140	        1.000e-08
2.142	        1.000e-08
2.144	        1.000e-08
2.145	        1.000e-08
2.147	        1.000e-08
2.148	        1.000e-08
2.150	        1.000e-08
2.152	        1.000e-08
2.153	        1.000e-08
2.155	        1.000e-08
2.156	        1.000e-08
2.158	        1.000e-08
2.160	        1.000e-08
2.161	        1.000e-08
2.163	        1.000e-08
2.164	        1.000e-08
2.166	        1.000e-08
2.168	        1.000e-08
2.169	        1.000e-08
2.171	        1.000e-08
2.173	        1.000e-08
2.174	        1.000e-08
2.176	        1.000e-08
2.177	        1.000e-08
2.179	        1.000e-08
2.181	        1.000e-08
2.182	        1.000e-08
2.184	        1.000e-08
2.185	        1.000e-08
2.187	        1.000e-08
2.189	        1.000e-08
2.190	        1.000e-08
2.192	        1.000e-08
2.193	        1.000e-08
2.195	        1.000e-08
2.197	        1.000e-08
2.198	        1.000e-08
2.200	        1.000e-08
2.201	        1.134e-08
2.203	        3.801e-08
2.205	        2.814e-07
2.206	        1.107e-06
2.208	        3.629e-06
2.210	        7.752e-06
2.211	        1.186e-05
2.213	        1.596e-05
2.214	        2.052e-05
2.216	        2.470e-05
2.218	        2.850e-05
2.219	        3.322e-05
2.221	        3.980e-05
2.222	        4.822e-05
2.223	        5.338e-05
2.224	        5.984e-05
2.225	        5.967e-05
2.227	        5.715e-05
2.228	        5.283e-05
2.229	        5.141e-05
2.230	        4.825e-05
2.231	        5.361e-05
2.233	        5.490e-05
2.234	        5.844e-05
2.235	        6.192e-05
2.236	        6.409e-05
2.237	        6.248e-05
2.239	        6.829e-05
2.240	        7.036e-05
2.241	        6.979e-05
2.242	        6.624e-05
2.243	        6.786e-05
2.245	        6.626e-05
2.246	        6.380e-05
2.247	        5.973e-05
2.248	        6.594e-05
2.249	        6.397e-05
2.251	        6.412e-05
2.252	        6.305e-05
2.253	        6.472e-05
2.254	        5.613e-05
2.255	        5.301e-05
2.257	        4.503e-05
2.258	        4.163e-05
2.259	        4.128e-05
2.260	        4.634e-05
2.261	        5.313e-05
2.263	        6.515e-05
2.264	        7.625e-05
2.265	        8.191e-05
2.266	        9.084e-05
2.267	        9.638e-05
2.269	        9.488e-05
2.270	        9.346e-05
2.271	        9.658e-05
2.272	        9.694e-05
2.273	        9.833e-05
2.275	        1.010e-04
2.276	        1.055e-04
2.277	        1.090e-04
2.278	        1.088e-04
2.279	        1.083e-04
2.281	        1.046e-04
2.282	        1.039e-04
2.283	        1.054e-04
2.284	        1.052e-04
2.285	        1.044e-04
2.287	        1.111e-04
2.288	        1.154e-04
2.289	        1.134e-04
2.290	        1.089e-04
2.291	        1.053e-04
2.293	        1.033e-04
2.294	        1.002e-04
2.295	        1.044e-04
2.296	        1.103e-04
2.297	        1.187e-04
2.299	        1.250e-04
2.300	        1.281e-04
2.301	        1.277e-04
2.302	        1.295e-04
2.303	        1.294e-04
2.305	        1.302e-04
2.306	        1.318e-04
2.307	        1.318e-04
2.308	        1.313e-04
2.309	        1.320e-04
2.311	        1.295e-04
2.312	        1.277e-04
2.313	        1.281e-04
2.314	        1.265e-04
2.315	        1.229e-04
2.317	        1.200e-04
2.318	        1.173e-04
2.319	        1.153e-04
2.320	        1.219e-04
2.321	        1.262e-04
2.323	        1.265e-04
2.324	        1.315e-04
2.325	        1.356e-04
2.326	        1.336e-04
2.327	        1.346e-04
2.329	        1.419e-04
2.330	        1.438e-04
2.331	        1.459e-04
2.332	        1.520e-04
2.333	        1.550e-04
2.335	        1.564e-04
2.336	        1.610e-04
2.337	        1.680e-04
2.338	        1.705e-04
2.339	        1.757e-04
2.341	        1.879e-04
2.342	        1.909e-04
2.343	        1.899e-04
2.344	        1.910e-04
2.345	        1.931e-04
2.347	        1.884e-04
2.348	        1.903e-04
2.349	        1.951e-04
2.350	        1.984e-04
2.351	        1.985e-04
2.353	        1.974e-04
2.354	        1.973e-04
2.355	        1.928e-04
2.356	        1.941e-04
2.357	        1.997e-04
2.359	        2.090e-04
2.360	        2.188e-04
2.361	        2.373e-04
2.362	        2.557e-04
2.364	        2.761e-04
2.365	        3.068e-04
2.366	        3.478e-04
2.367	        3.979e-04
2.368	        4.627e-04
2.370	        5.529e-04
2.371	        6.564e-04
2.372	        7.892e-04
2.373	        9.647e-04
2.374	        1.196e-03
2.376	        1.494e-03
2.377	        1.889e-03
2.378	        2.409e-03
2.379	        3.101e-03
2.380	        4.022e-03
2.382	        5.247e-03
2.383	        6.892e-03
2.384	        9.100e-03
2.385	        1.203e-02
2.386	        1.591e-02
2.388	        2.097e-02
2.389	        2.747e-02
2.390	        3.567e-02
2.391	        4.582e-02
2.392	        5.812e-02
2.394	        7.272e-02
2.395	        8.974e-02
2.396	        1.092e-01
2.397	        1.312e-01
2.398	        1.557e-01
2.400	        1.827e-01
2.401	        2.121e-01
2.402	        2.441e-01
2.403	        2.785e-01
2.404	        3.154e-01
2.406	        3.546e-01
2.407	        3.959e-01
2.408	        4.390e-01
2.409	        4.832e-01
2.410	        5.278e-01
2.412	        5.714e-01
2.413	        6.129e-01
2.414	        6.508e-01
2.415	        6.837e-01
2.416	        7.111e-01
2.418	        7.326e-01
2.419	        7.488e-01
2.420	        7.606e-01
2.421	        7.692e-01
2.422	        7.758e-01
2.424	        7.813e-01
2.425	        7.863e-01
2.426	        7.913e-01
2.427	        7.964e-01
2.428	        8.015e-01
2.430	        8.066e-01
2.431	        8.115e-01
2.432	        8.161e-01
2.433	        8.201e-01
2.434	        8.237e-01
2.436	        8.266e-01
2.437	        8.289e-01
2.438	        8.306e-01
2.439	        8.318e-01
2.440	        8.324e-01
2.442	        8.325e-01
2.443	        8.322e-01
2.444	        8.316e-01
2.445	        8.307e-01
2.446	        8.297e-01
2.448	        8.285e-01
2.449	        8.274e-01
2.450	        8.263e-01
2.451	        8.252e-01
2.452	        8.243e-01
2.454	        8.235e-01
2.455	        8.229e-01
2.456	        8.225e-01
2.457	        8.223e-01
2.458	        8.223e-01
2.460	        8.224e-01
2.461	        8.226e-01
2.462	        8.230e-01
2.463	        8.236e-01
2.464	        8.242e-01
2.466	        8.250e-01
2.467	        8.259e-01
2.468	        8.269e-01
2.469	        8.280e-01
2.470	        8.292e-01
2.472	        8.304e-01
2.473	        8.318e-01
2.474	        8.333e-01
2.475	        8.349e-01
2.476	        8.365e-01
2.478	        8.381e-01
2.479	        8.397e-01
2.480	        8.413e-01
2.481	        8.427e-01
2.482	        8.441e-01
2.484	        8.453e-01
2.485	        8.464e-01
2.486	        8.473e-01
2.487	        8.481e-01
2.488	        8.486e-01
2.490	        8.490e-01
2.491	        8.491e-01
2.492	        8.492e-01
2.493	        8.491e-01
2.494	        8.489e-01
2.496	        8.485e-01
2.497	        8.481e-01
2.498	        8.475e-01
2.499	        8.467e-01
2.500	        8.459e-01
2.502	        8.450e-01
2.503	        8.441e-01
2.504	        8.431e-01
2.505	        8.421e-01
2.506	        8.412e-01
2.508	        8.404e-01
2.509	        8.396e-01
2.510	        8.389e-01
2.511	        8.384e-01
2.512	        8.381e-01
2.514	        8.379e-01
2.515	        8.379e-01
2.516	        8.381e-01
2.517	        8.384e-01
2.518	        8.387e-01
2.520	        8.392e-01
2.521	        8.398e-01
2.522	        8.404e-01
2.523	        8.410e-01
2.524	        8.417e-01
2.526	        8.424e-01
2.527	        8.431e-01
2.528	        8.438e-01
2.529	        8.444e-01
2.530	        8.450e-01
2.532	        8.457e-01
2.533	        8.463e-01
2.534	        8.468e-01
2.535	        8.474e-01
2.536	        8.478e-01
2.538	        8.481e-01
2.539	        8.483e-01
2.540	        8.483e-01
2.541	        8.481e-01
2.542	        8.478e-01
2.544	        8.473e-01
2.545	        8.467e-01
2.546	        8.460e-01
2.547	        8.451e-01
2.548	        8.440e-01
2.550	        8.428e-01
2.551	        8.415e-01
2.552	        8.402e-01
2.553	        8.389e-01
2.554	        8.375e-01
2.556	        8.361e-01
2.557	        8.347e-01
2.558	        8.331e-01
2.559	        8.314e-01
2.560	        8.296e-01
2.562	        8.276e-01
2.563	        8.255e-01
2.564	        8.230e-01
2.565	        8.200e-01
2.566	        8.162e-01
2.568	        8.113e-01
2.569	        8.054e-01
2.570	        7.980e-01
2.571	        7.890e-01
2.572	        7.785e-01
2.574	        7.661e-01
2.575	        7.516e-01
2.576	        7.349e-01
2.577	        7.156e-01
2.578	        6.935e-01
2.580	        6.683e-01
2.581	        6.398e-01
2.582	        6.079e-01
2.583	        5.727e-01
2.584	        5.343e-01
2.586	        4.929e-01
2.587	        4.494e-01
2.588	        4.043e-01
2.589	        3.585e-01
2.590	        3.132e-01
2.592	        2.693e-01
2.593	        2.278e-01
2.594	        1.898e-01
2.595	        1.559e-01
2.596	        1.264e-01
2.598	        1.015e-01
2.599	        8.102e-02
2.600	        6.436e-02
2.601	        5.099e-02
2.602	        4.039e-02
2.604	        3.205e-02
2.605	        2.550e-02
2.606	        2.038e-02
2.607	        1.635e-02
2.608	        1.319e-02
2.610	        1.069e-02
2.611	        8.712e-03
2.612	        7.132e-03
2.613	        5.868e-03
2.615	        4.841e-03
2.616	        4.010e-03
2.617	        3.338e-03
2.618	        2.785e-03
2.619	        2.335e-03
2.621	        1.967e-03
2.622	        1.662e-03
2.623	        1.405e-03
2.624	        1.189e-03
2.625	        1.007e-03
2.627	        8.517e-04
2.628	        7.214e-04
2.629	        6.140e-04
2.630	        5.242e-04
2.631	        4.483e-04
2.633	        3.829e-04
2.634	        3.205e-04
2.635	        2.668e-04
2.636	        2.190e-04
2.637	        1.754e-04
2.639	        1.420e-04
2.640	        1.161e-04
2.641	        9.408e-05
2.642	        7.420e-05
2.643	        5.635e-05
2.645	        3.920e-05
2.646	        2.481e-05
2.647	        1.295e-05
2.648	        6.608e-06
2.649	        2.236e-06
2.651	        1.000e-08
2.652	        1.000e-08
2.653	        1.000e-08
2.654	        1.000e-08
2.655	        1.000e-08
2.657	        1.000e-08
2.658	        1.000e-08
2.659	        1.000e-08
2.660	        1.000e-08
2.661	        1.000e-08
2.663	        1.000e-08
2.664	        1.000e-08
2.665	        1.000e-08
2.666	        1.000e-08
2.667	        1.000e-08
2.669	        1.000e-08
2.670	        1.000e-08
2.671	        1.000e-08
2.672	        1.000e-08
2.673	        1.000e-08
2.675	        1.000e-08
2.676	        1.000e-08
2.677	        1.000e-08
2.678	        1.000e-08
2.679	        1.000e-08
2.681	        1.000e-08
2.682	        1.000e-08
2.683	        1.000e-08
2.684	        1.000e-08
2.685	        1.000e-08
2.687	        1.000e-08
2.688	        1.000e-08
2.689	        1.000e-08
2.690	        1.000e-08
2.691	        1.000e-08
2.693	        1.000e-08
2.694	        1.000e-08
2.695	        1.000e-08
2.696	        1.000e-08
2.697	        1.000e-08
2.699	        1.000e-08
2.700	        1.000e-08
2.701	        1.000e-08
2.702	        1.000e-08
2.703	        1.000e-08
2.705	        1.000e-08
2.706	        1.000e-08
2.707	        1.000e-08
2.708	        1.000e-08
2.709	        1.000e-08
2.711	        1.000e-08
2.712	        1.000e-08
2.713	        1.000e-08
2.714	        1.000e-08
2.715	        1.000e-08
2.717	        1.000e-08
2.718	        1.000e-08
2.719	        1.000e-08
2.720	        1.000e-08
2.721	        1.000e-08
2.723	        1.000e-08
2.724	        1.000e-08
2.725	        1.000e-08
2.726	        1.000e-08
2.727	        1.000e-08
2.729	        1.000e-08
2.730	        1.000e-08
2.731	        1.000e-08
2.732	        1.000e-08
2.733	        1.000e-08
2.735	        1.000e-08
2.736	        1.000e-08
2.737	        1.000e-08
2.738	        1.000e-08
2.739	        1.000e-08
2.741	        1.000e-08
2.742	        1.000e-08
2.743	        1.000e-08
2.744	        1.000e-08
2.745	        1.000e-08
2.747	        1.000e-08
2.748	        1.000e-08
2.749	        1.000e-08
2.750	        1.000e-08
2.751	        1.000e-08
2.753	        1.000e-08
2.754	        1.000e-08
2.755	        1.000e-08
2.756	        1.000e-08
2.757	        1.000e-08
2.759	        1.000e-08
2.760	        1.000e-08
2.761	        1.000e-08
2.762	        1.000e-08
2.763	        1.000e-08
2.765	        1.000e-08
2.766	        1.639e-08
2.767	        1.844e-08
2.768	        1.844e-08
2.769	        1.844e-08
2.771	        1.844e-08
2.772	        1.205e-08
2.773	        1.000e-08
2.774	        1.000e-08
2.775	        1.437e-08
2.777	        1.783e-08
2.778	        1.783e-08
2.779	        1.783e-08
2.780	        1.783e-08
2.781	        1.346e-08
2.783	        1.000e-08
2.784	        5.499e-08
2.785	        5.499e-08
2.786	        5.499e-08
2.787	        1.502e-06
2.789	        3.099e-06
2.790	        3.054e-06
2.791	        3.054e-06
2.792	        3.233e-06
2.793	        1.786e-06
2.795	        1.883e-07
2.796	        2.294e-07
2.797	        3.761e-06
2.798	        3.610e-06
2.799	        4.689e-06
2.801	        7.593e-06
2.802	        7.744e-06
2.803	        4.213e-06
2.804	        4.185e-06
2.805	        4.684e-06
2.807	        3.492e-06
2.808	        4.238e-06
2.809	        4.543e-06
2.810	        4.543e-06
2.811	        3.899e-06
2.813	        4.569e-06
2.814	        3.777e-06
2.815	        3.472e-06
2.816	        3.481e-06
2.817	        4.368e-06
2.819	        5.314e-06
2.820	        7.968e-06
2.821	        1.037e-05
2.822	        1.067e-05
2.823	        8.854e-06
2.825	        5.525e-06
2.826	        2.726e-06
2.827	        3.200e-07
2.828	        1.714e-08
2.829	        1.000e-08
2.831	        1.000e-08
2.832	        2.266e-06
2.833	        2.266e-06
2.834	        2.266e-06
2.835	        3.170e-06
2.837	        4.976e-06
2.838	        2.720e-06
2.839	        3.835e-06
2.840	        1.001e-05
2.841	        1.145e-05
2.843	        9.683e-06
2.844	        1.350e-05
2.845	        1.684e-05
2.846	        1.339e-05
2.847	        1.245e-05
2.849	        1.475e-05
2.850	        1.550e-05
2.851	        1.651e-05
2.852	        2.029e-05
2.853	        2.293e-05
2.855	        2.884e-05
2.856	        3.376e-05
2.857	        3.760e-05
2.858	        4.017e-05
2.859	        4.712e-05
2.861	        5.082e-05
2.862	        5.201e-05
2.863	        4.902e-05
2.864	        4.804e-05
2.866	        4.430e-05
2.867	        4.098e-05
2.868	        3.683e-05
2.869	        3.706e-05
2.870	        3.643e-05
2.872	        3.342e-05
2.873	        3.059e-05
2.874	        3.257e-05
2.875	        3.421e-05
2.876	        3.363e-05
2.878	        3.501e-05
2.879	        3.548e-05
2.880	        3.491e-05
2.881	        3.358e-05
2.882	        3.435e-05
2.884	        3.442e-05
2.885	        3.102e-05
2.886	        2.638e-05
2.887	        2.494e-05
2.888	        2.594e-05
2.890	        2.892e-05
2.891	        3.180e-05
2.892	        3.401e-05
2.893	        3.534e-05
2.894	        3.220e-05
2.896	        2.812e-05
2.897	        2.902e-05
2.898	        3.008e-05
2.899	        2.951e-05
2.900	        3.124e-05
2.902	        3.644e-05
2.903	        4.023e-05
2.904	        4.262e-05
2.905	        4.424e-05
2.906	        4.534e-05
2.908	        4.407e-05
2.909	        4.206e-05
2.910	        4.307e-05
2.911	        4.468e-05
2.912	        4.588e-05
2.914	        4.700e-05
2.915	        4.979e-05
2.916	        5.105e-05
2.917	        5.258e-05
2.918	        5.344e-05
2.920	        5.470e-05
2.921	        5.802e-05
2.922	        6.096e-05
2.923	        6.147e-05
2.924	        6.370e-05
2.926	        6.697e-05
2.927	        6.394e-05
2.928	        6.169e-05
2.929	        6.641e-05
2.930	        6.833e-05
2.932	        6.749e-05
2.933	        6.975e-05
2.934	        7.172e-05
2.935	        6.899e-05
2.936	        6.944e-05
2.938	        7.255e-05
2.939	        7.398e-05
2.940	        7.438e-05
2.941	        7.672e-05
2.942	        7.669e-05
2.944	        7.503e-05
2.945	        7.330e-05
2.946	        7.252e-05
2.947	        7.104e-05
2.948	        6.935e-05
2.950	        6.520e-05
2.951	        6.374e-05
2.952	        6.143e-05
2.953	        5.575e-05
2.954	        5.063e-05
2.956	        4.963e-05
2.957	        4.700e-05
2.958	        4.861e-05
2.959	        5.548e-05
2.960	        5.970e-05
2.962	        6.149e-05
2.963	        6.429e-05
2.964	        6.373e-05
2.965	        5.979e-05
2.966	        5.930e-05
2.968	        6.191e-05
2.969	        6.158e-05
2.970	        5.971e-05
2.971	        5.992e-05
2.972	        5.856e-05
2.974	        5.379e-05
2.975	        5.368e-05
2.976	        5.420e-05
2.977	        5.170e-05
2.978	        5.048e-05
2.980	        5.198e-05
2.981	        5.010e-05
2.982	        4.719e-05
2.983	        4.584e-05
2.984	        4.590e-05
2.986	        4.276e-05
2.987	        4.065e-05
2.988	        3.876e-05
2.989	        3.613e-05
2.990	        3.459e-05
2.992	        3.505e-05
2.993	        3.429e-05
2.994	        3.312e-05
2.995	        3.281e-05
2.996	        2.770e-05
2.998	        2.235e-05
2.999	        2.104e-05
3.000	        2.321e-05
3.001	        2.741e-05
3.002	        3.371e-05
3.004	        3.733e-05
3.005	        3.692e-05
3.006	        3.391e-05
3.007	        2.820e-05
3.008	        2.105e-05
3.010	        1.745e-05
3.011	        1.715e-05
3.012	        2.052e-05
3.013	        2.417e-05
3.014	        2.936e-05
3.016	        3.301e-05
3.017	        3.314e-05
3.018	        2.989e-05
3.019	        2.935e-05
3.020	        2.887e-05
3.022	        2.766e-05
3.023	        2.960e-05
3.024	        3.282e-05
3.025	        3.588e-05
3.026	        3.741e-05
3.028	        3.904e-05
3.029	        3.745e-05
3.030	        3.408e-05
3.031	        2.702e-05
3.032	        2.225e-05
3.034	        1.971e-05
3.035	        1.877e-05
3.036	        1.774e-05
3.037	        1.595e-05
3.038	        1.464e-05
3.040	        1.674e-05
3.041	        2.135e-05
3.042	        2.602e-05
3.043	        3.141e-05
3.044	        3.528e-05
3.046	        3.653e-05
3.047	        3.433e-05
3.048	        3.150e-05
3.049	        2.848e-05
3.050	        2.626e-05
3.052	        2.254e-05
3.053	        2.055e-05
3.054	        2.100e-05
3.055	        2.167e-05
3.056	        2.113e-05
3.058	        1.997e-05
3.059	        1.696e-05
3.060	        1.378e-05
3.061	        1.431e-05
3.062	        1.726e-05
3.064	        2.273e-05
3.065	        2.664e-05
3.066	        2.924e-05
3.067	        2.926e-05
3.068	        2.582e-05
3.070	        1.988e-05
3.071	        1.922e-05
3.072	        2.269e-05
3.073	        2.577e-05
3.074	        2.977e-05
3.076	        2.879e-05
3.077	        2.397e-05
3.078	        1.866e-05
3.079	        1.542e-05
3.080	        1.061e-05
3.082	        1.162e-05
3.083	        1.606e-05
3.084	        1.819e-05
3.085	        1.681e-05
3.086	        1.710e-05
3.088	        1.850e-05
3.089	        1.693e-05
3.090	        1.667e-05
3.091	        1.813e-05
3.092	        1.897e-05
3.094	        1.901e-05
3.095	        2.196e-05
3.096	        2.422e-05
3.097	        2.681e-05
3.098	        2.981e-05
3.100	        3.024e-05
3.101	        2.992e-05
3.102	        2.914e-05
3.103	        2.675e-05
3.104	        2.342e-05
3.106	        2.076e-05
3.107	        1.689e-05
3.108	        1.589e-05
3.109	        1.936e-05
3.111	        2.191e-05
3.112	        2.590e-05
3.113	        3.179e-05
3.114	        3.531e-05
3.115	        3.597e-05
3.117	        4.162e-05
3.118	        4.958e-05
3.119	        5.412e-05
3.120	        5.507e-05
3.121	        5.500e-05
3.123	        5.294e-05
3.124	        4.701e-05
3.125	        4.144e-05
3.126	        3.956e-05
3.127	        4.321e-05
3.129	        4.982e-05
3.130	        5.551e-05
3.131	        6.033e-05
3.132	        6.317e-05
3.133	        6.135e-05
3.135	        5.714e-05
3.136	        5.575e-05
3.137	        5.641e-05
3.138	        5.869e-05
3.139	        6.009e-05
3.141	        5.907e-05
3.142	        5.824e-05
3.143	        5.803e-05
3.144	        5.665e-05
3.145	        5.514e-05
3.147	        5.394e-05
3.148	        5.019e-05
3.149	        4.499e-05
3.150	        3.946e-05
3.151	        3.507e-05
3.153	        3.502e-05
3.154	        3.800e-05
3.155	        4.165e-05
3.156	        4.607e-05
3.157	        4.997e-05
3.159	        5.025e-05
3.160	        5.008e-05
3.161	        5.040e-05
3.162	        4.848e-05
3.163	        4.683e-05
3.165	        4.586e-05
3.166	        4.291e-05
3.167	        3.737e-05
3.168	        3.230e-05
3.169	        2.839e-05
3.171	        2.687e-05
3.172	        2.967e-05
3.173	        3.440e-05
3.174	        3.886e-05
3.175	        4.319e-05
3.177	        4.615e-05
3.178	        4.621e-05
3.179	        4.511e-05
3.180	        4.249e-05
3.181	        3.734e-05
3.183	        3.299e-05
3.184	        3.049e-05
3.185	        2.980e-05
3.186	        3.157e-05
3.187	        3.397e-05
3.189	        3.403e-05
3.190	        3.049e-05
3.191	        2.609e-05
3.192	        2.256e-05
3.193	        1.939e-05
3.195	        1.778e-05
3.196	        1.883e-05
3.197	        1.930e-05
3.198	        2.045e-05
3.199	        2.501e-05
3.201	        2.707e-05
3.202	        2.544e-05
3.203	        2.612e-05
3.204	        2.629e-05
3.205	        2.293e-05
3.207	        2.104e-05
3.208	        2.153e-05
3.209	        1.707e-05
3.210	        1.218e-05
3.211	        1.261e-05
3.213	        1.366e-05
3.214	        1.417e-05
3.215	        1.950e-05
3.216	        2.544e-05
3.217	        2.664e-05
3.219	        2.471e-05
3.220	        2.297e-05
3.221	        2.104e-05
3.222	        1.842e-05
3.223	        1.569e-05
3.225	        1.415e-05
3.226	        1.237e-05
3.227	        9.291e-06
3.228	        6.834e-06
3.229	        5.283e-06
3.231	        3.817e-06
3.232	        2.958e-06
3.233	        2.042e-06
3.234	        2.308e-06
3.235	        3.463e-06
3.237	        5.021e-06
3.238	        6.398e-06
3.239	        6.651e-06
3.240	        5.504e-06
3.241	        3.209e-06
3.243	        1.642e-06
3.244	        6.136e-07
3.245	        3.961e-06
3.246	        8.523e-06
3.247	        8.780e-06
3.249	        8.780e-06
3.250	        8.432e-06
3.251	        4.829e-06
3.252	        2.674e-07
3.253	        2.008e-06
3.255	        2.117e-06
3.256	        2.117e-06
3.257	        2.173e-06
3.258	        3.031e-06
3.259	        1.034e-06
3.261	        9.320e-07
3.262	        2.257e-06
3.263	        4.753e-06
3.264	        8.942e-06
3.265	        1.288e-05
3.267	        1.313e-05
3.268	        1.181e-05
3.269	        9.256e-06
3.270	        4.300e-06
3.271	        3.690e-07
3.273	        1.105e-07
3.274	        1.622e-07
3.275	        3.434e-06
3.276	        3.519e-06
3.277	        3.510e-06
3.279	        3.510e-06
3.280	        3.907e-06
3.281	        8.190e-07
3.282	        6.452e-07
3.283	        1.309e-06
3.285	        3.276e-06
3.286	        5.110e-06
3.287	        7.041e-06
3.288	        9.932e-06
3.289	        1.286e-05
3.291	        1.382e-05
3.292	        1.300e-05
3.293	        1.092e-05
3.294	        8.023e-06
3.295	        4.615e-06
3.297	        2.918e-06
3.298	        1.775e-06
3.299	        1.748e-06
3.300	        2.773e-06
3.301	        3.995e-06
3.303	        2.788e-06
3.304	        2.467e-06
3.305	        2.460e-06
3.306	        1.437e-06
3.307	        1.130e-06
3.309	        3.869e-06
3.310	        5.565e-06
3.311	        6.180e-06
3.312	        6.730e-06
3.313	        6.581e-06
3.315	        5.062e-06
3.316	        3.459e-06
3.317	        2.844e-06
3.318	        2.293e-06
3.319	        1.338e-06
3.321	        1.038e-07
3.322	        1.000e-08
3.323	        1.000e-08
3.324	        1.000e-08
3.325	        1.000e-08
3.327	        2.119e-08
3.328	        1.140e-06
3.329	        1.174e-06
3.330	        1.174e-06
3.331	        1.174e-06
3.333	        1.163e-06
3.334	        4.422e-08
3.335	        1.000e-08
3.336	        1.000e-08
3.337	        1.000e-08
3.339	        1.000e-08
3.340	        1.000e-08
3.341	        1.000e-08
3.342	        1.000e-08
3.343	        1.000e-08
3.345	        1.000e-08
3.346	        1.000e-08
3.347	        1.000e-08
3.348	        1.000e-08
3.349	        1.000e-08
3.351	        1.000e-08
3.352	        1.000e-08
3.353	        1.000e-08
3.354	        1.000e-08
3.355	        1.000e-08
3.357	        1.000e-08
3.358	        1.000e-08
3.359	        1.000e-08
3.360	        1.000e-08
3.362	        1.000e-08
3.363	        1.000e-08
3.364	        1.000e-08
3.365	        1.000e-08
3.366	        1.000e-08
3.368	        1.000e-08
3.369	        1.000e-08
3.370	        1.000e-08
3.371	        1.000e-08
3.372	        1.000e-08
3.374	        1.000e-08
3.375	        1.000e-08
3.376	        1.000e-08
3.377	        1.000e-08
3.378	        1.000e-08
3.380	        1.000e-08
3.381	        1.000e-08
3.382	        1.000e-08
3.383	        1.000e-08
3.384	        1.000e-08
3.386	        1.000e-08
3.387	        1.000e-08
3.388	        1.000e-08
3.389	        1.000e-08
3.390	        1.000e-08
3.392	        1.000e-08
3.393	        1.000e-08
3.394	        1.000e-08
3.395	        1.000e-08
3.396	        1.000e-08
3.398	        1.000e-08
3.399	        1.000e-08
3.400	        1.000e-08
3.401	        1.000e-08
3.402	        1.000e-08
3.404	        1.000e-08
3.405	        1.000e-08
3.406	        1.000e-08
3.407	        1.000e-08
3.408	        6.777e-08
3.410	        6.823e-08
3.411	        6.843e-08
3.412	        6.720e-07
3.413	        7.249e-07
3.414	        6.672e-07
3.416	        6.792e-07
3.417	        2.995e-06
3.418	        4.414e-06
3.419	        4.413e-06
3.420	        4.413e-06
3.422	        4.401e-06
3.423	        2.099e-06
3.424	        2.819e-07
3.425	        8.202e-07
3.426	        1.165e-06
3.428	        1.167e-06
3.429	        1.153e-06
3.430	        9.472e-07
3.431	        3.564e-07
3.432	        1.118e-08
3.434	        1.000e-08
3.435	        1.000e-08
3.436	        1.000e-08
3.437	        1.000e-08
3.438	        1.000e-08
3.440	        4.190e-08
3.441	        4.866e-07
3.442	        5.002e-07
3.443	        5.002e-07
3.444	        5.002e-07
3.446	        4.683e-07
3.447	        2.360e-08
3.448	        1.000e-08
3.449	        1.000e-08
3.450	        1.000e-08
3.452	        1.000e-08
3.453	        1.000e-08
3.454	        1.000e-08
3.455	        1.000e-08
3.456	        1.068e-08
3.458	        6.703e-08
3.459	        1.137e-06
3.460	        3.185e-06
3.461	        4.265e-06
3.462	        4.650e-06
3.464	        5.290e-06
3.465	        6.075e-06
3.466	        5.405e-06
3.467	        4.376e-06
3.468	        3.990e-06
3.470	        3.293e-06
3.471	        1.438e-06
3.472	        6.023e-08
3.473	        1.000e-08
3.474	        1.000e-08
3.476	        1.000e-08
3.477	        1.000e-08
3.478	        1.000e-08
3.479	        1.000e-08
3.480	        1.000e-08
3.482	        1.000e-08
3.483	        1.000e-08
3.484	        1.000e-08
3.485	        1.000e-08
3.486	        1.000e-08
3.488	        1.000e-08
3.489	        1.000e-08
3.490	        1.000e-08
3.491	        1.000e-08
3.492	        1.000e-08
3.494	        1.000e-08
3.495	        1.000e-08
3.496	        1.000e-08
3.497	        1.000e-08
3.498	        1.000e-08
3.500	        1.000e-08
3.501	        1.000e-08
3.502	        1.000e-08
3.503	        1.000e-08
3.504	        1.289e-08
3.506	        4.189e-07
3.507	        5.608e-07
3.508	        5.608e-07
3.509	        5.608e-07
3.510	        5.579e-07
3.512	        1.519e-07
3.513	        1.000e-08
3.514	        1.000e-08
3.515	        1.000e-08
3.516	        1.000e-08
3.518	        1.000e-08
3.519	        1.000e-08
3.520	        1.000e-08
3.521	        1.000e-08
3.522	        1.000e-08
3.524	        1.000e-08
3.525	        1.000e-08
3.526	        1.000e-08
3.527	        1.000e-08
3.528	        1.000e-08
3.530	        1.000e-08
3.531	        1.000e-08
3.532	        1.000e-08
3.533	        1.000e-08
3.534	        1.000e-08
3.536	        1.000e-08
3.537	        1.000e-08
3.538	        1.000e-08
3.539	        1.000e-08
3.540	        1.000e-08
3.542	        1.000e-08
3.543	        1.000e-08
3.544	        1.000e-08
3.545	        1.000e-08
3.546	        1.000e-08
3.548	        1.000e-08
3.549	        1.000e-08
3.550	        1.000e-08
3.551	        1.000e-08
3.552	        1.000e-08
3.554	        1.000e-08
3.555	        1.000e-08
3.556	        1.000e-08
3.557	        1.000e-08
3.558	        1.000e-08
3.560	        1.000e-08
3.561	        1.000e-08
3.562	        1.000e-08
3.563	        1.000e-08
3.564	        1.000e-08
3.566	        1.000e-08
3.567	        1.000e-08
3.568	        1.000e-08
3.569	        1.000e-08
3.570	        1.000e-08
3.572	        1.000e-08
3.573	        1.000e-08
3.574	        1.000e-08
3.575	        1.000e-08
3.576	        1.000e-08
3.578	        1.000e-08
3.579	        1.000e-08
3.580	        1.000e-08
3.581	        1.000e-08
3.582	        1.000e-08
3.584	        1.000e-08
3.585	        1.000e-08
3.586	        1.000e-08
3.587	        1.000e-08
3.588	        1.000e-08
3.590	        1.000e-08
3.591	        1.000e-08
3.592	        1.000e-08
3.593	        1.000e-08
3.594	        1.000e-08
3.596	        1.000e-08
3.597	        1.000e-08
3.598	        1.000e-08
3.599	        1.000e-08
3.600	        1.000e-08
3.602	        1.000e-08
3.603	        1.000e-08
3.604	        2.044e-07
3.605	        1.212e-06
3.607	        1.217e-06
3.608	        1.217e-06
3.609	        1.217e-06
3.610	        1.022e-06
3.611	        1.497e-08
3.613	        1.000e-08
3.614	        1.000e-08
3.615	        1.000e-08
3.616	        1.000e-08
3.617	        1.000e-08
3.619	        1.000e-08
3.620	        1.000e-08
3.621	        1.000e-08
3.622	        1.000e-08
3.623	        1.000e-08
3.625	        1.000e-08
3.626	        1.000e-08
3.627	        1.000e-08
3.628	        1.000e-08
3.629	        3.423e-08
3.631	        3.586e-08
3.632	        3.586e-08
3.633	        3.586e-08
3.634	        3.586e-08
3.635	        1.163e-08
3.637	        1.000e-08
3.638	        1.000e-08
3.639	        1.000e-08
3.640	        1.000e-08
3.641	        1.000e-08
3.643	        1.000e-08
3.644	        1.000e-08
3.645	        1.000e-08
3.646	        1.000e-08
3.647	        1.000e-08
3.649	        1.000e-08
3.650	        1.000e-08
3.651	        1.000e-08
3.652	        1.000e-08
3.653	        1.000e-08
3.655	        1.000e-08
3.656	        1.000e-08
3.657	        1.000e-08
3.658	        1.000e-08
3.659	        1.000e-08
3.661	        1.000e-08
3.662	        1.000e-08
3.663	        1.000e-08
3.664	        1.000e-08
3.665	        1.000e-08
3.667	        1.000e-08
3.668	        1.000e-08
3.669	        1.000e-08
3.670	        1.000e-08
3.671	        1.000e-08
3.673	        1.000e-08
3.674	        1.000e-08
3.675	        1.000e-08
3.676	        1.000e-08
3.677	        1.000e-08
3.679	        1.000e-08
3.680	        1.000e-08
3.681	        1.000e-08
3.682	        1.000e-08
3.683	        1.000e-08
3.685	        1.000e-08
3.686	        1.000e-08
3.687	        1.000e-08
3.688	        1.000e-08
3.689	        1.000e-08
3.691	        1.000e-08
3.692	        1.000e-08
3.693	        1.000e-08
3.694	        1.000e-08
3.695	        1.000e-08
3.697	        1.000e-08
3.698	        1.000e-08
3.699	        1.000e-08
3.700	        1.000e-08
3.701	        1.000e-08
3.703	        1.000e-08
3.704	        1.000e-08
3.705	        1.000e-08
3.706	        1.000e-08
3.707	        1.000e-08
3.709	        1.000e-08
3.710	        1.000e-08
3.711	        1.000e-08
3.712	        1.000e-08
3.713	        1.000e-08
3.715	        1.000e-08
3.716	        1.000e-08
3.717	        1.000e-08
3.718	        9.939e-09
3.719	        9.126e-09
3.721	        3.982e-07
3.722	        4.056e-07
3.723	        4.056e-07
3.724	        4.056e-07
3.725	        4.065e-07
3.727	        1.740e-08
3.728	        1.000e-08
3.729	        1.000e-08
3.730	        1.000e-08
3.731	        1.000e-08
3.733	        1.000e-08
3.734	        1.000e-08
3.735	        1.000e-08
3.736	        1.000e-08
3.737	        1.000e-08
3.739	        1.000e-08
3.740	        1.000e-08
3.741	        1.000e-08
3.742	        1.000e-08
3.743	        1.000e-08
3.745	        1.000e-08
3.746	        1.000e-08
3.747	        1.000e-08
3.748	        1.000e-08
3.749	        1.000e-08
3.751	        1.000e-08
3.752	        1.000e-08
3.753	        1.000e-08
3.754	        1.000e-08
3.755	        1.000e-08
3.757	        1.000e-08
3.758	        1.000e-08
3.759	        1.000e-08
3.760	        1.000e-08
3.761	        1.000e-08
3.763	        1.000e-08
3.764	        1.000e-08
3.765	        1.000e-08
3.766	        1.000e-08
3.767	        1.000e-08
3.769	        1.000e-08
3.770	        1.000e-08
3.771	        1.000e-08
3.772	        1.000e-08
3.773	        1.000e-08
3.775	        1.000e-08
3.776	        1.000e-08
3.777	        1.000e-08
3.778	        1.000e-08
3.779	        1.000e-08
3.781	        1.000e-08
3.782	        1.000e-08
3.783	        1.000e-08
3.784	        1.000e-08
3.785	        1.000e-08
3.787	        1.000e-08
3.788	        1.000e-08
3.789	        1.000e-08
3.790	        1.000e-08
3.791	        1.000e-08
3.793	        1.000e-08
3.794	        9.899e-08
3.795	        1.830e-06
3.796	        3.817e-06
3.797	        4.115e-06
3.799	        4.115e-06
3.800	        4.026e-06
3.801	        2.295e-06
3.802	        3.083e-07
3.803	        1.000e-08
3.805	        1.000e-08
3.806	        1.000e-08
3.807	        1.000e-08
3.808	        1.000e-08
3.809	        1.000e-08
3.811	        1.000e-08
3.812	        1.000e-08
3.813	        1.000e-08
3.814	        1.000e-08
3.815	        1.041e-08
3.817	        3.384e-08
3.818	        3.556e-08
3.819	        3.556e-08
3.820	        3.556e-08
3.821	        3.515e-08
3.823	        1.172e-08
3.824	        1.000e-08
3.825	        1.000e-08
3.826	        1.142e-07
3.827	        1.311e-07
3.829	        1.311e-07
3.830	        1.311e-07
3.831	        1.311e-07
3.832	        2.697e-08
3.833	        1.000e-08
3.835	        1.000e-08
3.836	        1.000e-08
3.837	        1.000e-08
3.838	        1.000e-08
3.839	        1.000e-08
3.841	        1.000e-08
3.842	        1.000e-08
3.843	        1.000e-08
3.844	        1.000e-08
3.845	        1.000e-08
3.847	        1.000e-08
3.848	        1.000e-08
3.849	        1.000e-08
3.850	        1.000e-08
3.851	        1.000e-08
3.853	        1.000e-08
3.854	        1.000e-08
3.855	        1.000e-08
3.856	        1.000e-08
3.858	        1.000e-08
3.859	        1.000e-08
3.860	        1.000e-08
3.861	        1.000e-08
3.862	        1.000e-08
3.864	        1.000e-08
3.865	        1.000e-08
3.866	        1.000e-08
3.867	        1.000e-08
3.868	        1.172e-08
3.870	        1.393e-07
3.871	        1.419e-07
3.872	        1.419e-07
3.873	        1.419e-07
3.874	        1.402e-07
3.876	        1.258e-08
3.877	        1.000e-08
3.878	        1.000e-08
3.879	        1.000e-08
3.880	        1.000e-08
3.882	        1.000e-08
3.883	        1.000e-08
3.884	        1.000e-08
3.885	        1.000e-08
3.886	        1.000e-08
3.888	        1.000e-08
3.889	        1.000e-08
3.890	        1.000e-08
3.891	        1.000e-08
3.892	        1.000e-08
3.894	        1.000e-08
3.895	        1.000e-08
3.896	        1.000e-08
3.897	        1.000e-08
3.898	        1.000e-08
3.900	        1.000e-08
3.901	        1.000e-08
3.902	        1.000e-08
3.903	        1.047e-08
3.904	        4.233e-07
3.906	        2.065e-06
3.907	        2.136e-06
3.908	        2.136e-06
3.909	        2.136e-06
3.910	        1.723e-06
3.912	        8.106e-08
3.913	        1.000e-08
3.914	        1.000e-08
3.915	        1.000e-08
3.916	        1.000e-08
3.918	        1.000e-08
3.919	        1.000e-08
3.920	        1.000e-08
3.921	        1.000e-08
3.922	        1.000e-08
3.924	        1.000e-08
3.925	        1.000e-08
3.926	        1.000e-08
3.927	        1.733e-08
3.928	        7.643e-07
3.930	        2.157e-06
3.931	        4.017e-06
3.932	        5.566e-06
3.933	        6.649e-06
3.934	        6.898e-06
3.936	        7.112e-06
3.937	        6.279e-06
3.938	        4.769e-06
3.939	        3.679e-06
3.940	        2.682e-06
3.942	        1.076e-06
3.943	        4.855e-08
3.944	        1.000e-08
3.945	        1.000e-08
3.946	        1.000e-08
3.948	        1.000e-08
3.949	        1.000e-08
3.950	        1.000e-08
3.951	        1.000e-08
3.952	        1.000e-08
3.954	        1.000e-08
3.955	        1.000e-08
3.956	        3.988e-08
3.957	        8.294e-07
3.958	        1.648e-06
3.960	        1.651e-06
3.961	        1.651e-06
3.962	        1.621e-06
3.963	        8.312e-07
3.964	        1.297e-08
3.966	        1.000e-08
3.967	        1.000e-08
3.968	        1.000e-08
3.969	        1.000e-08
3.970	        1.000e-08
3.972	        1.000e-08
3.973	        1.000e-08
3.974	        1.000e-08
3.975	        1.000e-08
3.976	        1.000e-08
3.978	        1.000e-08
3.979	        1.000e-08
3.980	        1.525e-08
3.981	        2.176e-07
3.982	        3.265e-07
3.984	        4.145e-07
3.985	        4.306e-07
3.986	        4.254e-07
3.987	        2.231e-07
3.988	        1.142e-07
3.990	        2.615e-08
3.991	        1.352e-08
3.992	        4.484e-08
3.993	        4.571e-08
3.994	        4.571e-08
3.996	        4.571e-08
3.997	        4.219e-08
3.998	        1.088e-08
3.999	        2.922e-07
4.000	        1.542e-06
4.002	        1.692e-06
4.003	        1.692e-06
4.004	        1.692e-06
4.005	        1.410e-06
4.006	        1.605e-07
4.008	        1.572e-08
4.009	        1.114e-06
4.010	        2.306e-06
4.011	        3.082e-06
4.012	        3.418e-06
4.014	        3.496e-06
4.015	        2.399e-06
4.016	        1.208e-06
4.017	        4.603e-07
4.018	        2.600e-06
4.020	        7.864e-06
4.021	        1.343e-05
4.022	        1.740e-05
4.023	        1.786e-05
4.024	        1.539e-05
4.026	        1.004e-05
4.027	        4.473e-06
4.028	        5.047e-07
4.029	        2.028e-07
4.030	        2.051e-07
4.032	        2.051e-07
4.033	        2.051e-07
4.034	        1.980e-07
4.035	        1.236e-08
4.036	        1.000e-08
4.038	        1.000e-08
4.039	        1.000e-08
4.040	        1.000e-08
4.041	        1.000e-08
4.042	        1.000e-08
4.044	        1.000e-08
4.045	        1.000e-08
4.046	        1.000e-08
4.047	        1.000e-08
4.048	        1.000e-08
4.050	        1.000e-08
4.051	        1.000e-08
4.052	        1.000e-08
4.053	        1.000e-08
4.054	        1.000e-08
4.056	        1.000e-08
4.057	        1.000e-08
4.058	        1.000e-08
4.059	        1.177e-08
4.060	        8.909e-07
4.062	        2.986e-06
4.063	        3.147e-06
4.064	        3.147e-06
4.065	        3.145e-06
4.066	        2.266e-06
4.068	        1.709e-07
4.069	        1.000e-08
4.070	        1.000e-08
4.071	        1.000e-08
4.072	        1.000e-08
4.074	        1.000e-08
4.075	        1.000e-08
4.076	        1.000e-08
4.077	        1.000e-08
4.078	        1.000e-08
4.080	        1.000e-08
4.081	        1.000e-08
4.082	        1.000e-08
4.083	        1.078e-08
4.084	        4.478e-08
4.086	        2.927e-07
4.087	        9.975e-07
4.088	        1.714e-06
4.089	        1.975e-06
4.090	        1.955e-06
4.092	        1.707e-06
4.093	        1.002e-06
4.094	        2.857e-07
4.095	        2.315e-08
4.096	        1.000e-08
4.098	        1.000e-08
4.099	        1.000e-08
4.100	        1.000e-08
4.101	        1.000e-08
4.102	        1.000e-08
4.104	        1.000e-08
4.105	        1.000e-08
4.106	        1.381e-08
4.107	        3.681e-07
4.109	        3.790e-07
4.110	        3.790e-07
4.111	        3.790e-07
4.112	        3.752e-07
4.113	        2.091e-08
4.115	        1.000e-08
4.116	        1.127e-08
4.117	        3.220e-07
4.118	        1.713e-06
4.119	        3.504e-06
4.121	        5.165e-06
4.122	        6.206e-06
4.123	        5.942e-06
4.124	        4.554e-06
4.125	        3.000e-06
4.127	        1.705e-06
4.128	        7.079e-07
4.129	        6.615e-07
4.130	        6.577e-07
4.131	        4.220e-07
4.133	        5.535e-08
4.134	        1.000e-08
4.135	        1.000e-08
4.136	        1.000e-08
4.137	        1.000e-08
4.139	        1.000e-08
4.140	        1.000e-08
4.141	        1.000e-08
4.142	        1.000e-08
4.143	        1.000e-08
4.145	        1.000e-08
4.146	        1.000e-08
4.147	        1.000e-08
4.148	        1.000e-08
4.149	        1.000e-08
4.151	        1.000e-08
4.152	        1.000e-08
4.153	        1.000e-08
4.154	        1.000e-08
4.155	        1.000e-08
4.157	        1.000e-08
4.158	        1.000e-08
4.159	        1.000e-08
4.160	        1.000e-08
4.161	        1.000e-08
4.163	        1.000e-08
4.164	        1.000e-08
4.165	        1.000e-08
4.166	        1.000e-08
4.167	        1.000e-08
4.169	        1.000e-08
4.170	        1.000e-08
4.171	        1.000e-08
4.172	        1.000e-08
4.173	        1.000e-08
4.175	        1.000e-08
4.176	        1.683e-08
4.177	        4.833e-07
4.178	        5.754e-07
4.179	        5.860e-07
4.181	        5.860e-07
4.182	        5.792e-07
4.183	        1.127e-07
4.184	        3.100e-08
4.185	        2.239e-06
4.187	        3.152e-06
4.188	        3.212e-06
4.189	        3.212e-06
4.190	        3.202e-06
4.191	        9.835e-07
4.193	        7.043e-08
4.194	        1.000e-08
4.195	        1.000e-08
4.196	        1.652e-08
4.197	        1.803e-07
4.199	        9.156e-07
4.200	        9.819e-07
4.201	        9.819e-07
4.202	        9.754e-07
4.203	        8.117e-07
4.205	        7.634e-08
4.206	        1.000e-08
4.207	        1.000e-08
4.208	        1.000e-08
4.209	        1.000e-08
4.211	        1.000e-08
4.212	        1.000e-08
4.213	        1.000e-08
4.214	        1.000e-08
4.215	        1.000e-08
4.217	        1.000e-08
4.218	        1.000e-08
4.219	        1.000e-08
4.220	        1.000e-08
4.221	        1.000e-08
4.223	        1.000e-08
4.224	        6.914e-08
4.225	        2.887e-06
4.226	        6.627e-06
4.227	        1.011e-05
4.229	        1.226e-05
4.230	        1.297e-05
4.231	        1.016e-05
4.232	        6.433e-06
4.233	        3.264e-06
4.235	        1.520e-06
4.236	        7.992e-07
4.237	        7.857e-07
4.238	        7.761e-07
4.239	        4.572e-07
4.241	        5.191e-08
4.242	        1.000e-08
4.243	        1.000e-08
4.244	        1.000e-08
4.245	        1.000e-08
4.247	        1.000e-08
4.248	        1.000e-08
4.249	        1.000e-08
4.250	        1.000e-08
4.251	        1.000e-08
4.253	        1.000e-08
4.254	        1.000e-08
4.255	        1.000e-08
4.256	        1.000e-08
4.257	        1.000e-08
4.259	        1.000e-08
4.260	        1.761e-08
4.261	        1.408e-06
4.262	        4.548e-06
4.263	        6.912e-06
4.265	        7.880e-06
4.266	        7.889e-06
4.267	        6.499e-06
4.268	        3.358e-06
4.269	        9.944e-07
4.271	        2.629e-08
4.272	        1.000e-08
4.273	        1.000e-08
4.274	        1.000e-08
4.275	        1.000e-08
4.277	        1.000e-08
4.278	        3.081e-08
4.279	        4.727e-07
4.280	        1.053e-06
4.281	        1.088e-06
4.283	        1.090e-06
4.284	        1.095e-06
4.285	        6.596e-07
4.286	        7.898e-08
4.287	        4.400e-08
4.289	        4.260e-08
4.290	        1.670e-08
4.291	        1.000e-08
4.292	        1.000e-08
4.293	        1.000e-08
4.295	        1.000e-08
4.296	        1.000e-08
4.297	        1.000e-08
4.298	        1.000e-08
4.299	        1.000e-08
4.301	        1.000e-08
4.302	        1.000e-08
4.303	        1.079e-07
4.304	        7.820e-07
4.305	        1.192e-06
4.307	        1.202e-06
4.308	        1.202e-06
4.309	        1.105e-06
4.310	        4.305e-07
4.311	        4.003e-08
4.313	        2.318e-06
4.314	        4.738e-06
4.315	        6.972e-06
4.316	        8.775e-06
4.317	        9.894e-06
4.319	        7.713e-06
4.320	        5.292e-06
4.321	        3.059e-06
4.322	        1.255e-06
4.323	        1.171e-07
4.325	        1.948e-07
4.326	        1.822e-06
4.327	        3.475e-06
4.328	        5.197e-06
4.329	        6.134e-06
4.331	        6.218e-06
4.332	        4.599e-06
4.333	        2.947e-06
4.334	        1.225e-06
4.335	        2.875e-07
4.337	        1.853e-08
4.338	        1.000e-08
4.339	        1.000e-08
4.340	        1.000e-08
4.341	        1.000e-08
4.343	        1.000e-08
4.344	        1.000e-08
4.345	        1.000e-08
4.346	        1.000e-08
4.347	        1.000e-08
4.349	        1.000e-08
4.350	        6.244e-08
4.351	        5.153e-07
4.352	        6.373e-07
4.354	        6.475e-07
4.355	        6.529e-07
4.356	        1.284e-06
4.357	        2.853e-06
4.358	        4.358e-06
4.360	        4.949e-06
4.361	        4.978e-06
4.362	        4.295e-06
4.363	        2.273e-06
4.364	        6.763e-07
4.366	        1.575e-06
4.367	        4.316e-06
4.368	        7.186e-06
4.369	        8.762e-06
4.370	        8.746e-06
4.372	        7.247e-06
4.373	        4.471e-06
4.374	        1.651e-06
4.375	        4.659e-07
4.376	        1.029e-06
4.378	        1.801e-06
4.379	        2.855e-06
4.380	        4.338e-06
4.381	        5.706e-06
4.382	        7.108e-06
4.384	        8.755e-06
4.385	        1.102e-05
4.386	        1.405e-05
4.387	        1.750e-05
4.388	        2.094e-05
4.390	        2.393e-05
4.391	        2.630e-05
4.392	        2.722e-05
4.393	        2.687e-05
4.394	        2.432e-05
4.396	        2.101e-05
4.397	        1.728e-05
4.398	        1.454e-05
4.399	        1.318e-05
4.400	        1.383e-05
4.402	        1.566e-05
4.403	        1.835e-05
4.404	        2.194e-05
4.405	        2.581e-05
4.406	        3.000e-05
4.408	        3.218e-05
4.409	        3.115e-05
4.410	        2.652e-05
4.411	        1.917e-05
4.412	        1.145e-05
4.414	        5.346e-06
4.415	        1.720e-06
4.416	        3.703e-08
4.417	        3.736e-07
4.418	        2.200e-06
4.420	        5.465e-06
4.421	        9.322e-06
4.422	        1.365e-05
4.423	        1.797e-05
4.424	        2.109e-05
4.426	        2.286e-05
4.427	        2.383e-05
4.428	        2.389e-05
4.429	        2.299e-05
4.430	        2.090e-05
4.432	        1.803e-05
4.433	        1.498e-05
4.434	        1.317e-05
4.435	        1.271e-05
4.436	        1.361e-05
4.438	        1.488e-05
4.439	        1.665e-05
4.440	        1.863e-05
4.441	        2.040e-05
4.442	        2.151e-05
4.444	        2.122e-05
4.445	        2.003e-05
4.446	        1.740e-05
4.447	        1.458e-05
4.448	        1.166e-05
4.450	        9.683e-06
4.451	        8.287e-06
4.452	        7.236e-06
4.453	        6.051e-06
4.454	        4.174e-06
4.456	        3.004e-06
4.457	        2.052e-06
4.458	        1.170e-06
4.459	        4.790e-07
4.460	        1.706e-06
4.462	        4.366e-06
4.463	        7.714e-06
4.464	        1.095e-05
4.465	        1.331e-05
4.466	        1.410e-05
4.468	        1.338e-05
4.469	        1.224e-05
4.470	        1.116e-05
4.471	        1.051e-05
4.472	        1.053e-05
4.474	        1.087e-05
4.475	        1.107e-05
4.476	        9.908e-06
4.477	        8.423e-06
4.478	        6.906e-06
4.480	        6.343e-06
4.481	        8.777e-06
4.482	        1.363e-05
4.483	        1.903e-05
4.484	        2.393e-05
4.486	        2.804e-05
4.487	        2.907e-05
4.488	        2.864e-05
4.489	        2.675e-05
4.490	        2.418e-05
4.492	        2.069e-05
4.493	        1.691e-05
4.494	        1.360e-05
4.495	        1.207e-05
4.496	        1.231e-05
4.498	        1.371e-05
4.499	        1.508e-05
4.500	        1.574e-05
4.501	        1.483e-05
4.502	        1.272e-05
4.504	        9.802e-06
4.505	        7.396e-06
4.506	        6.292e-06
4.507	        7.821e-06
4.508	        1.197e-05
4.510	        1.837e-05
4.511	        2.602e-05
4.512	        3.456e-05
4.513	        4.329e-05
4.514	        5.081e-05
4.516	        5.635e-05
4.517	        5.821e-05
4.518	        5.691e-05
4.519	        5.312e-05
4.520	        4.878e-05
4.522	        4.533e-05
4.523	        4.416e-05
4.524	        4.434e-05
4.525	        4.441e-05
4.526	        4.275e-05
4.528	        3.882e-05
4.529	        3.366e-05
4.530	        2.838e-05
4.531	        2.430e-05
4.532	        2.210e-05
4.534	        2.181e-05
4.535	        2.325e-05
4.536	        2.597e-05
4.537	        2.962e-05
4.538	        3.317e-05
4.540	        3.615e-05
4.541	        3.778e-05
4.542	        3.837e-05
4.543	        3.809e-05
4.544	        3.808e-05
4.546	        3.868e-05
4.547	        4.001e-05
4.548	        4.129e-05
4.549	        4.181e-05
4.550	        4.094e-05
4.552	        3.869e-05
4.553	        3.571e-05
4.554	        3.256e-05
4.555	        2.969e-05
4.556	        2.791e-05
4.558	        2.738e-05
4.559	        2.845e-05
4.560	        3.056e-05
4.561	        3.320e-05
4.562	        3.506e-05
4.564	        3.594e-05
4.565	        3.579e-05
4.566	        3.527e-05
4.567	        3.513e-05
4.568	        3.624e-05
4.570	        3.867e-05
4.571	        4.192e-05
4.572	        4.520e-05
4.573	        4.756e-05
4.574	        4.798e-05
4.576	        4.639e-05
4.577	        4.355e-05
4.578	        4.065e-05
4.579	        3.941e-05
4.580	        4.081e-05
4.582	        4.485e-05
4.583	        4.885e-05
4.584	        5.171e-05
4.585	        5.172e-05
4.586	        4.985e-05
4.588	        4.652e-05
4.589	        4.411e-05
4.590	        4.263e-05
4.591	        4.182e-05
4.592	        4.077e-05
4.594	        3.909e-05
4.595	        3.665e-05
4.596	        3.358e-05
4.597	        3.004e-05
4.598	        2.628e-05
4.600	        2.247e-05
4.601	        1.983e-05
4.602	        1.917e-05
4.603	        2.163e-05
4.605	        2.698e-05
4.606	        3.411e-05
4.607	        4.100e-05
4.608	        4.667e-05
4.609	        5.142e-05
4.611	        5.536e-05
4.612	        5.948e-05
4.613	        6.329e-05
4.614	        6.623e-05
4.615	        6.682e-05
4.617	        6.513e-05
4.618	        6.209e-05
4.619	        5.892e-05
4.620	        5.666e-05
4.621	        5.553e-05
4.623	        5.524e-05
4.624	        5.373e-05
4.625	        5.061e-05
4.626	        4.513e-05
4.627	        3.874e-05
4.629	        3.214e-05
4.630	        2.777e-05
4.631	        2.632e-05
4.632	        2.753e-05
4.633	        3.026e-05
4.635	        3.388e-05
4.636	        3.748e-05
4.637	        4.097e-05
4.638	        4.379e-05
4.639	        4.568e-05
4.641	        4.613e-05
4.642	        4.548e-05
4.643	        4.420e-05
4.644	        4.370e-05
4.645	        4.428e-05
4.647	        4.557e-05
4.648	        4.689e-05
4.649	        4.774e-05
4.650	        4.808e-05
4.651	        4.785e-05
4.653	        4.762e-05
4.654	        4.724e-05
4.655	        4.730e-05
4.656	        4.804e-05
4.657	        4.999e-05
4.659	        5.294e-05
4.660	        5.641e-05
4.661	        5.870e-05
4.662	        5.947e-05
4.663	        5.852e-05
4.665	        5.662e-05
4.666	        5.464e-05
4.667	        5.367e-05
4.668	        5.398e-05
4.669	        5.540e-05
4.671	        5.773e-05
4.672	        6.014e-05
4.673	        6.235e-05
4.674	        6.412e-05
4.675	        6.557e-05
4.677	        6.686e-05
4.678	        6.800e-05
4.679	        6.886e-05
4.680	        6.892e-05
4.681	        6.811e-05
4.683	        6.663e-05
4.684	        6.487e-05
4.685	        6.290e-05
4.686	        6.083e-05
4.687	        5.841e-05
4.689	        5.633e-05
4.690	        5.491e-05
4.691	        5.495e-05
4.692	        5.651e-05
4.693	        5.914e-05
4.695	        6.094e-05
4.696	        6.145e-05
4.697	        5.970e-05
4.698	        5.621e-05
4.699	        5.186e-05
4.701	        4.777e-05
4.702	        4.475e-05
4.703	        4.328e-05
4.704	        4.345e-05
4.705	        4.465e-05
4.707	        4.647e-05
4.708	        4.799e-05
4.709	        4.890e-05
4.710	        4.890e-05
4.711	        4.802e-05
4.713	        4.611e-05
4.714	        4.289e-05
4.715	        3.841e-05
4.716	        3.356e-05
4.717	        2.894e-05
4.719	        2.687e-05
4.720	        2.844e-05
4.721	        3.359e-05
4.722	        4.082e-05
4.723	        4.883e-05
4.725	        5.539e-05
4.726	        6.002e-05
4.727	        6.252e-05
4.728	        6.343e-05
4.729	        6.281e-05
4.731	        6.107e-05
4.732	        5.861e-05
4.733	        5.606e-05
4.734	        5.388e-05
4.735	        5.260e-05
4.737	        5.187e-05
4.738	        5.184e-05
4.739	        5.227e-05
4.740	        5.354e-05
4.741	        5.582e-05
4.743	        5.878e-05
4.744	        6.124e-05
4.745	        6.252e-05
4.746	        6.147e-05
4.747	        5.821e-05
4.749	        5.445e-05
4.750	        5.116e-05
4.751	        5.068e-05
4.752	        5.369e-05
4.753	        5.993e-05
4.755	        6.758e-05
4.756	        7.552e-05
4.757	        8.108e-05
4.758	        8.367e-05
4.759	        8.235e-05
4.761	        7.773e-05
4.762	        7.138e-05
4.763	        6.461e-05
4.764	        5.939e-05
4.765	        5.677e-05
4.767	        5.631e-05
4.768	        5.713e-05
4.769	        5.863e-05
4.770	        6.025e-05
4.771	        6.268e-05
4.773	        6.573e-05
4.774	        6.939e-05
4.775	        7.224e-05
4.776	        7.327e-05
4.777	        7.175e-05
4.779	        6.821e-05
4.780	        6.268e-05
4.781	        5.710e-05
4.782	        5.175e-05
4.783	        4.777e-05
4.785	        4.562e-05
4.786	        4.522e-05
4.787	        4.617e-05
4.788	        4.808e-05
4.789	        5.009e-05
4.791	        5.204e-05
4.792	        5.366e-05
4.793	        5.407e-05
4.794	        5.295e-05
4.795	        4.997e-05
4.797	        4.601e-05
4.798	        4.203e-05
4.799	        3.988e-05
4.800	        4.044e-05
4.801	        4.351e-05
4.803	        4.795e-05
4.804	        5.259e-05
4.805	        5.651e-05
4.806	        5.934e-05
4.807	        6.172e-05
4.809	        6.396e-05
4.810	        6.656e-05
4.811	        6.927e-05
4.812	        7.159e-05
4.813	        7.313e-05
4.815	        7.367e-05
4.816	        7.344e-05
4.817	        7.226e-05
4.818	        7.050e-05
4.819	        6.740e-05
4.821	        6.308e-05
4.822	        5.769e-05
4.823	        5.223e-05
4.824	        4.782e-05
4.825	        4.583e-05
4.827	        4.663e-05
4.828	        4.952e-05
4.829	        5.344e-05
4.830	        5.639e-05
4.831	        5.766e-05
4.833	        5.719e-05
4.834	        5.558e-05
4.835	        5.418e-05
4.836	        5.396e-05
4.837	        5.495e-05
4.839	        5.664e-05
4.840	        5.889e-05
4.841	        6.083e-05
4.842	        6.252e-05
4.843	        6.421e-05
4.845	        6.583e-05
4.846	        6.780e-05
4.847	        7.042e-05
4.848	        7.349e-05
4.850	        7.705e-05
4.851	        7.976e-05
4.852	        8.091e-05
4.853	        7.987e-05
4.854	        7.679e-05
4.856	        7.286e-05
4.857	        6.950e-05
4.858	        6.698e-05
4.859	        6.555e-05
4.860	        6.493e-05
4.862	        6.431e-05
4.863	        6.452e-05
4.864	        6.592e-05
4.865	        6.902e-05
4.866	        7.353e-05
4.868	        7.845e-05
4.869	        8.228e-05
4.870	        8.435e-05
4.871	        8.445e-05
4.872	        8.324e-05
4.874	        8.153e-05
4.875	        8.003e-05
4.876	        7.917e-05
4.877	        7.867e-05
4.878	        7.939e-05
4.880	        8.121e-05
4.881	        8.400e-05
4.882	        8.757e-05
4.883	        9.053e-05
4.884	        9.194e-05
4.886	        9.164e-05
4.887	        8.975e-05
4.888	        8.652e-05
4.889	        8.273e-05
4.890	        7.757e-05
4.892	        7.155e-05
4.893	        6.497e-05
4.894	        5.921e-05
4.895	        5.621e-05
4.896	        5.692e-05
4.898	        6.113e-05
4.899	        6.751e-05
4.900	        7.407e-05
4.901	        7.905e-05
4.902	        8.214e-05
4.904	        8.314e-05
4.905	        8.303e-05
4.906	        8.221e-05
4.907	        8.112e-05
4.908	        7.978e-05
4.910	        7.820e-05
4.911	        7.661e-05
4.912	        7.516e-05
4.913	        7.429e-05
4.914	        7.409e-05
4.916	        7.427e-05
4.917	        7.450e-05
4.918	        7.422e-05
4.919	        7.316e-05
4.920	        7.173e-05
4.922	        7.041e-05
4.923	        6.986e-05
4.924	        7.039e-05
4.925	        7.155e-05
4.926	        7.262e-05
4.928	        7.294e-05
4.929	        7.230e-05
4.930	        7.118e-05
4.931	        7.058e-05
4.932	        7.158e-05
4.934	        7.460e-05
4.935	        7.932e-05
4.936	        8.474e-05
4.937	        8.966e-05
4.938	        9.292e-05
4.940	        9.434e-05
4.941	        9.339e-05
4.942	        9.058e-05
4.943	        8.605e-05
4.944	        8.021e-05
4.946	        7.448e-05
4.947	        6.978e-05
4.948	        6.716e-05
4.949	        6.734e-05
4.950	        6.931e-05
4.952	        7.160e-05
4.953	        7.290e-05
4.954	        7.223e-05
4.955	        6.940e-05
4.956	        6.548e-05
4.958	        6.145e-05
4.959	        5.835e-05
4.960	        5.730e-05
4.961	        5.836e-05
4.962	        6.145e-05
4.964	        6.594e-05
4.965	        7.068e-05
4.966	        7.460e-05
4.967	        7.644e-05
4.968	        7.622e-05
4.970	        7.251e-05
4.971	        6.673e-05
4.972	        5.883e-05
4.973	        5.035e-05
4.974	        4.346e-05
4.976	        3.962e-05
4.977	        3.977e-05
4.978	        4.449e-05
4.979	        5.268e-05
4.980	        6.237e-05
4.982	        7.293e-05
4.983	        8.317e-05
4.984	        9.164e-05
4.985	        9.891e-05
4.986	        1.033e-04
4.988	        1.054e-04
4.989	        1.052e-04
4.990	        1.038e-04
4.991	        1.024e-04
4.992	        1.023e-04
4.994	        1.028e-04
4.995	        1.037e-04
4.996	        1.030e-04
4.997	        9.959e-05
4.998	        9.305e-05
5.000	        8.439e-05
5.001	        7.498e-05
5.002	        6.688e-05
5.003	        6.130e-05
5.004	        5.888e-05
5.006	        5.998e-05
5.007	        6.352e-05
5.008	        6.882e-05
5.009	        7.460e-05
5.010	        7.872e-05
5.012	        8.044e-05
5.013	        7.950e-05
5.014	        7.653e-05
5.015	        7.335e-05
5.016	        7.220e-05
5.018	        7.248e-05
5.019	        7.426e-05
5.020	        7.562e-05
5.021	        7.466e-05
5.022	        7.183e-05
5.024	        6.781e-05
5.025	        6.406e-05
5.026	        6.272e-05
5.027	        6.408e-05
5.028	        6.771e-05
5.030	        7.312e-05
5.031	        7.881e-05
5.032	        8.407e-05
5.033	        8.850e-05
5.034	        9.209e-05
5.036	        9.527e-05
5.037	        9.811e-05
5.038	        1.010e-04
5.039	        1.035e-04
5.040	        1.050e-04
5.042	        1.054e-04
5.043	        1.045e-04
5.044	        1.020e-04
5.045	        9.851e-05
5.046	        9.383e-05
5.048	        8.785e-05
5.049	        8.157e-05
5.050	        7.606e-05
5.051	        7.223e-05
5.052	        7.173e-05
5.054	        7.473e-05
5.055	        7.980e-05
5.056	        8.600e-05
5.057	        9.211e-05
5.058	        9.685e-05
5.060	        1.000e-04
5.061	        1.019e-04
5.062	        1.014e-04
5.063	        9.909e-05
5.064	        9.544e-05
5.066	        9.093e-05
5.067	        8.739e-05
5.068	        8.599e-05
5.069	        8.702e-05
5.070	        9.028e-05
5.072	        9.519e-05
5.073	        1.003e-04
5.074	        1.042e-04
5.075	        1.063e-04
5.076	        1.058e-04
5.078	        1.030e-04
5.079	        9.867e-05
5.080	        9.452e-05
5.081	        9.087e-05
5.082	        8.867e-05
5.084	        8.737e-05
5.085	        8.561e-05
5.086	        8.341e-05
5.087	        8.080e-05
5.088	        7.792e-05
5.090	        7.572e-05
5.091	        7.458e-05
5.092	        7.416e-05
5.093	        7.443e-05
5.094	        7.579e-05
5.096	        7.791e-05
5.097	        8.045e-05
5.098	        8.333e-05
5.099	        8.517e-05
5.101	        8.537e-05
5.102	        8.431e-05
5.103	        8.237e-05
5.104	        7.951e-05
5.105	        7.691e-05
5.107	        7.385e-05
5.108	        6.997e-05
5.109	        6.617e-05
5.110	        6.291e-05
5.111	        6.104e-05
5.113	        6.184e-05
5.114	        6.514e-05
5.115	        6.978e-05
5.116	        7.500e-05
5.117	        7.929e-05
5.119	        8.179e-05
5.120	        8.222e-05
5.121	        8.085e-05
5.122	        7.810e-05
5.123	        7.470e-05
5.125	        7.131e-05
5.126	        6.843e-05
5.127	        6.651e-05
5.128	        6.560e-05
5.129	        6.596e-05
5.131	        6.727e-05
5.132	        6.927e-05
5.133	        7.139e-05
5.134	        7.332e-05
5.135	        7.452e-05
5.137	        7.510e-05
5.138	        7.545e-05
5.139	        7.559e-05
5.140	        7.578e-05
5.141	        7.595e-05
5.143	        7.541e-05
5.144	        7.396e-05
5.145	        7.124e-05
5.146	        6.739e-05
5.147	        6.200e-05
5.149	        5.586e-05
5.150	        4.907e-05
5.151	        4.224e-05
5.152	        3.657e-05
5.153	        3.304e-05
5.155	        3.195e-05
5.156	        3.375e-05
5.157	        3.801e-05
5.158	        4.308e-05
5.159	        4.814e-05
5.161	        5.176e-05
5.162	        5.320e-05
5.163	        5.198e-05
5.164	        4.872e-05
5.165	        4.476e-05
5.167	        4.100e-05
5.168	        3.846e-05
5.169	        3.793e-05
5.170	        3.841e-05
5.171	        3.884e-05
5.173	        3.934e-05
5.174	        3.919e-05
5.175	        3.867e-05
5.176	        3.899e-05
5.177	        3.999e-05
5.179	        4.077e-05
5.180	        4.112e-05
5.181	        3.998e-05
5.182	        3.713e-05
5.183	        3.366e-05
5.185	        3.037e-05
5.186	        2.793e-05
5.187	        2.710e-05
5.188	        2.780e-05
5.189	        2.938e-05
5.191	        3.173e-05
5.192	        3.423e-05
5.193	        3.655e-05
5.194	        3.813e-05
5.195	        3.884e-05
5.197	        3.864e-05
5.198	        3.766e-05
5.199	        3.612e-05
5.200	        3.448e-05
5.201	        3.317e-05
5.203	        3.239e-05
5.204	        3.270e-05
5.205	        3.448e-05
5.206	        3.726e-05
5.207	        4.006e-05
5.209	        4.204e-05
5.210	        4.139e-05
5.211	        3.795e-05
5.212	        3.193e-05
5.213	        2.463e-05
5.215	        1.772e-05
5.216	        1.250e-05
5.217	        9.384e-06
5.218	        9.135e-06
5.219	        1.117e-05
5.221	        1.475e-05
5.222	        1.984e-05
5.223	        2.536e-05
5.224	        3.095e-05
5.225	        3.664e-05
5.227	        4.244e-05
5.228	        4.793e-05
5.229	        5.360e-05
5.230	        5.732e-05
5.231	        5.859e-05
5.233	        5.692e-05
5.234	        5.273e-05
5.235	        4.690e-05
5.236	        4.251e-05
5.237	        3.986e-05
5.239	        3.913e-05
5.240	        4.032e-05
5.241	        4.103e-05
5.242	        4.029e-05
5.243	        3.852e-05
5.245	        3.594e-05
5.246	        3.324e-05
5.247	        3.238e-05
5.248	        3.319e-05
5.249	        3.512e-05
5.251	        3.790e-05
5.252	        3.982e-05
5.253	        4.040e-05
5.254	        4.023e-05
5.255	        3.949e-05
5.257	        3.942e-05
5.258	        4.165e-05
5.259	        4.567e-05
5.260	        5.024e-05
5.261	        5.486e-05
5.263	        5.731e-05
5.264	        5.707e-05
5.265	        5.505e-05
5.266	        5.195e-05
5.267	        4.784e-05
5.269	        4.392e-05
5.270	        3.991e-05
5.271	        3.542e-05
5.272	        3.115e-05
5.273	        2.867e-05
5.275	        2.805e-05
5.276	        2.935e-05
5.277	        3.267e-05
5.278	        3.624e-05
5.279	        3.881e-05
5.281	        4.038e-05
5.282	        4.112e-05
5.283	        4.056e-05
5.284	        3.922e-05
5.285	        3.726e-05
5.287	        3.442e-05
5.288	        3.075e-05
5.289	        2.799e-05
5.290	        2.679e-05
5.291	        2.685e-05
5.293	        2.817e-05
5.294	        3.050e-05
5.295	        3.233e-05
5.296	        3.366e-05
5.297	        3.574e-05
5.299	        3.895e-05
5.300	        4.258e-05
5.301	        4.675e-05
5.302	        5.049e-05
5.303	        5.244e-05
5.305	        5.239e-05
5.306	        5.116e-05
5.307	        4.876e-05
5.308	        4.569e-05
5.309	        4.243e-05
5.311	        3.965e-05
5.312	        3.744e-05
5.313	        3.594e-05
5.314	        3.549e-05
5.315	        3.527e-05
5.317	        3.341e-05
5.318	        3.029e-05
5.319	        2.679e-05
5.320	        2.286e-05
5.321	        2.072e-05
5.323	        2.266e-05
5.324	        2.761e-05
5.325	        3.323e-05
5.326	        3.889e-05
5.327	        4.135e-05
5.329	        3.991e-05
5.330	        3.541e-05
5.331	        2.950e-05
5.332	        2.364e-05
5.333	        1.994e-05
5.335	        1.826e-05
5.336	        1.893e-05
5.337	        2.189e-05
5.338	        2.564e-05
5.339	        2.992e-05
5.341	        3.368e-05
5.342	        3.615e-05
5.343	        3.746e-05
5.344	        3.859e-05
5.345	        3.943e-05
5.347	        4.052e-05
5.348	        4.203e-05
5.349	        4.290e-05
5.350	        4.273e-05
5.352	        4.248e-05
5.353	        4.302e-05
5.354	        4.449e-05
5.355	        4.784e-05
5.356	        5.328e-05
5.358	        5.808e-05
5.359	        6.162e-05
5.360	        6.353e-05
5.361	        6.352e-05
5.362	        6.161e-05
5.364	        5.983e-05
5.365	        5.821e-05
5.366	        5.726e-05
5.367	        5.707e-05
5.368	        5.776e-05
5.370	        5.922e-05
5.371	        6.098e-05
5.372	        6.216e-05
5.373	        6.272e-05
5.374	        6.203e-05
5.376	        6.001e-05
5.377	        5.832e-05
5.378	        5.784e-05
5.379	        5.871e-05
5.380	        6.138e-05
5.382	        6.574e-05
5.383	        6.980e-05
5.384	        7.324e-05
5.385	        7.576e-05
5.386	        7.721e-05
5.388	        7.753e-05
5.389	        7.737e-05
5.390	        7.682e-05
5.391	        7.661e-05
5.392	        7.680e-05
5.394	        7.829e-05
5.395	        8.147e-05
5.396	        8.598e-05
5.397	        9.093e-05
5.398	        9.623e-05
5.400	        1.004e-04
5.401	        1.033e-04
5.402	        1.055e-04
5.403	        1.075e-04
5.404	        1.098e-04
5.406	        1.136e-04
5.407	        1.188e-04
5.408	        1.248e-04
5.409	        1.316e-04
5.410	        1.376e-04
5.412	        1.423e-04
5.413	        1.457e-04
5.414	        1.487e-04
5.415	        1.512e-04
5.416	        1.560e-04
5.418	        1.638e-04
5.419	        1.732e-04
5.420	        1.832e-04
5.421	        1.930e-04
5.422	        1.994e-04
5.424	        2.021e-04
5.425	        2.035e-04
5.426	        2.042e-04
5.427	        2.058e-04
5.428	        2.106e-04
5.430	        2.188e-04
5.431	        2.291e-04
5.432	        2.416e-04
5.433	        2.548e-04
5.434	        2.677e-04
5.436	        2.791e-04
5.437	        2.876e-04
5.438	        2.931e-04
5.439	        2.960e-04
5.440	        2.963e-04
5.442	        2.973e-04
5.443	        3.009e-04
5.444	        3.075e-04
5.445	        3.176e-04
5.446	        3.314e-04
5.448	        3.454e-04
5.449	        3.589e-04
5.450	        3.712e-04
5.451	        3.815e-04
5.452	        3.895e-04
5.454	        3.960e-04
5.455	        4.009e-04
5.456	        4.051e-04
5.457	        4.091e-04
5.458	        4.134e-04
5.460	        4.189e-04
5.461	        4.256e-04
5.462	        4.306e-04
5.463	        4.336e-04
5.464	        4.341e-04
5.466	        4.314e-04
5.467	        4.261e-04
5.468	        4.221e-04
5.469	        4.195e-04
5.470	        4.185e-04
5.472	        4.194e-04
5.473	        4.216e-04
5.474	        4.232e-04
5.475	        4.242e-04
5.476	        4.252e-04
5.478	        4.263e-04
5.479	        4.269e-04
5.480	        4.269e-04
5.481	        4.260e-04
5.482	        4.228e-04
5.484	        4.173e-04
5.485	        4.098e-04
5.486	        4.009e-04
5.487	        3.906e-04
5.488	        3.793e-04
5.490	        3.671e-04
5.491	        3.552e-04
5.492	        3.436e-04
5.493	        3.334e-04
5.494	        3.259e-04
5.496	        3.211e-04
5.497	        3.179e-04
5.498	        3.162e-04
5.499	        3.149e-04
5.500	        3.127e-04
5.502	        3.098e-04
5.503	        3.062e-04
5.504	        3.019e-04
5.505	        2.969e-04
5.506	        2.913e-04
5.508	        2.852e-04
5.509	        2.788e-04
5.510	        2.721e-04
5.511	        2.661e-04
5.512	        2.607e-04
5.514	        2.558e-04
5.515	        2.507e-04
5.516	        2.455e-04
5.517	        2.394e-04
5.518	        2.324e-04
5.520	        2.253e-04
5.521	        2.186e-04
5.522	        2.124e-04
5.523	        2.069e-04
5.524	        2.020e-04
5.526	        1.969e-04
5.527	        1.910e-04
5.528	        1.844e-04
5.529	        1.776e-04
5.530	        1.705e-04
5.532	        1.645e-04
5.533	        1.602e-04
5.534	        1.574e-04
5.535	        1.560e-04
5.536	        1.560e-04
5.538	        1.563e-04
5.539	        1.566e-04
5.540	        1.568e-04
5.541	        1.565e-04
5.542	        1.559e-04
5.544	        1.547e-04
5.545	        1.530e-04
5.546	        1.505e-04
5.547	        1.470e-04
5.548	        1.427e-04
5.550	        1.379e-04
5.551	        1.326e-04
5.552	        1.275e-04
5.553	        1.228e-04
5.554	        1.186e-04
5.556	        1.153e-04
5.557	        1.131e-04
5.558	        1.117e-04
5.559	        1.111e-04
5.560	        1.111e-04
5.562	        1.106e-04
5.563	        1.094e-04
5.564	        1.073e-04
5.565	        1.043e-04
5.566	        1.005e-04
5.568	        9.730e-05
5.569	        9.476e-05
5.570	        9.344e-05
5.571	        9.376e-05
5.572	        9.569e-05
5.574	        9.905e-05
5.575	        1.039e-04
5.576	        1.094e-04
5.577	        1.146e-04
5.578	        1.194e-04
5.580	        1.217e-04
5.581	        1.213e-04
5.582	        1.190e-04
5.583	        1.154e-04
5.584	        1.107e-04
5.586	        1.075e-04
5.587	        1.056e-04
5.588	        1.042e-04
5.589	        1.027e-04
5.590	        1.010e-04
5.592	        9.797e-05
5.593	        9.377e-05
5.594	        8.956e-05
5.595	        8.617e-05
5.597	        8.355e-05
5.598	        8.127e-05
5.599	        7.932e-05
5.600	        7.661e-05
5.601	        7.240e-05
5.603	        6.689e-05
5.604	        6.082e-05
5.605	        5.363e-05
