# JWST NIRCAM preliminary Filter transmission curve
# http://www.stsci.edu/jwst/instruments/nircam/instrumentdesign/filters
# retrieved 2014.09.09 by S.Rodney
# Microns	Transmission
0.833	        1.388e-04
0.835	        1.192e-04
0.836	        1.539e-04
0.838	        1.672e-04
0.839	        1.486e-04
0.841	        1.307e-04
0.843	        1.458e-04
0.844	        1.694e-04
0.846	        1.433e-04
0.847	        1.668e-04
0.849	        1.788e-04
0.851	        1.461e-04
0.852	        1.172e-04
0.854	        1.334e-04
0.856	        1.332e-04
0.857	        1.043e-04
0.859	        8.096e-05
0.860	        8.052e-05
0.862	        3.839e-05
0.864	        4.047e-05
0.865	        3.297e-05
0.867	        3.328e-05
0.868	        1.703e-05
0.870	        1.703e-05
0.872	        1.878e-05
0.873	        3.450e-05
0.875	        4.148e-05
0.876	        5.709e-05
0.878	        4.063e-05
0.880	        4.294e-05
0.881	        4.458e-05
0.883	        4.458e-05
0.884	        5.784e-05
0.886	        5.609e-05
0.888	        4.015e-05
0.889	        3.417e-05
0.891	        1.869e-05
0.892	        1.869e-05
0.894	        2.070e-05
0.896	        1.872e-05
0.897	        1.872e-05
0.899	        5.454e-06
0.901	        5.454e-06
0.902	        5.454e-06
0.904	        4.450e-06
0.905	        7.588e-06
0.907	        1.759e-05
0.909	        1.330e-05
0.910	        1.330e-05
0.912	        1.346e-05
0.913	        1.346e-05
0.915	        1.346e-05
0.917	        1.386e-05
0.918	        1.386e-05
0.920	        1.060e-05
0.921	        1.233e-05
0.923	        1.231e-05
0.925	        1.231e-05
0.926	        1.215e-05
0.928	        1.215e-05
0.929	        1.641e-05
0.931	        1.607e-05
0.933	        1.607e-05
0.934	        2.193e-05
0.936	        1.019e-05
0.938	        1.019e-05
0.939	        1.620e-05
0.941	        2.360e-05
0.942	        3.091e-05
0.944	        2.690e-05
0.946	        3.500e-05
0.947	        4.409e-05
0.949	        4.297e-05
0.950	        6.508e-05
0.952	        8.109e-05
0.954	        7.659e-05
0.955	        7.765e-05
0.957	        7.871e-05
0.958	        8.744e-05
0.960	        9.099e-05
0.962	        9.615e-05
0.963	        9.192e-05
0.965	        7.872e-05
0.966	        7.259e-05
0.968	        7.258e-05
0.970	        7.784e-05
0.971	        7.298e-05
0.973	        7.258e-05
0.975	        7.580e-05
0.976	        7.042e-05
0.978	        7.339e-05
0.979	        7.287e-05
0.981	        6.478e-05
0.983	        6.607e-05
0.984	        6.097e-05
0.986	        5.746e-05
0.987	        5.148e-05
0.989	        3.654e-05
0.991	        3.213e-05
0.992	        3.660e-05
0.994	        3.386e-05
0.995	        3.691e-05
0.997	        3.998e-05
0.999	        3.947e-05
1.000	        4.363e-05
1.002	        4.921e-05
1.003	        5.530e-05
1.005	        5.452e-05
1.007	        4.660e-05
1.008	        4.101e-05
1.010	        3.617e-05
1.011	        3.046e-05
1.013	        3.470e-05
1.015	        3.845e-05
1.016	        3.292e-05
1.018	        3.135e-05
1.020	        3.478e-05
1.021	        3.477e-05
1.023	        3.607e-05
1.024	        3.814e-05
1.026	        3.803e-05
1.028	        2.567e-05
1.029	        2.097e-05
1.031	        2.180e-05
1.032	        2.232e-05
1.034	        1.961e-05
1.036	        2.304e-05
1.037	        2.904e-05
1.039	        3.290e-05
1.040	        3.287e-05
1.042	        3.292e-05
1.044	        3.428e-05
1.045	        3.347e-05
1.047	        2.906e-05
1.048	        2.961e-05
1.050	        2.617e-05
1.052	        2.163e-05
1.053	        1.744e-05
1.055	        2.244e-05
1.057	        2.242e-05
1.058	        1.786e-05
1.060	        1.519e-05
1.061	        1.455e-05
1.063	        1.228e-05
1.065	        1.458e-05
1.066	        1.175e-05
1.068	        1.002e-05
1.069	        5.402e-06
1.071	        9.502e-06
1.073	        1.434e-05
1.074	        2.068e-05
1.076	        3.271e-05
1.077	        3.561e-05
1.079	        3.939e-05
1.081	        4.792e-05
1.082	        5.428e-05
1.084	        5.959e-05
1.085	        5.890e-05
1.087	        5.515e-05
1.089	        5.105e-05
1.090	        4.479e-05
1.092	        4.123e-05
1.094	        3.521e-05
1.095	        2.868e-05
1.097	        2.620e-05
1.098	        2.080e-05
1.100	        1.906e-05
1.102	        1.796e-05
1.103	        1.572e-05
1.105	        1.052e-05
1.106	        8.920e-06
1.108	        1.049e-05
1.110	        1.027e-05
1.111	        1.310e-05
1.113	        1.675e-05
1.114	        1.956e-05
1.116	        2.333e-05
1.118	        2.914e-05
1.119	        2.862e-05
1.121	        2.821e-05
1.122	        3.112e-05
1.124	        3.219e-05
1.126	        2.966e-05
1.127	        2.970e-05
1.129	        2.986e-05
1.130	        2.609e-05
1.132	        2.272e-05
1.134	        2.627e-05
1.135	        2.749e-05
1.137	        2.305e-05
1.139	        2.021e-05
1.140	        1.612e-05
1.142	        1.475e-05
1.143	        1.008e-05
1.145	        1.009e-05
1.147	        9.710e-06
1.148	        8.725e-06
1.150	        1.118e-05
1.151	        1.478e-05
1.153	        1.639e-05
1.155	        1.692e-05
1.156	        1.481e-05
1.158	        1.480e-05
1.159	        1.480e-05
1.161	        1.274e-05
1.163	        1.013e-05
1.164	        6.452e-06
1.166	        2.735e-06
1.167	        1.126e-06
1.169	        5.173e-07
1.171	        1.000e-08
1.172	        1.000e-08
1.174	        1.000e-08
1.176	        1.000e-08
1.177	        1.000e-08
1.179	        1.000e-08
1.180	        1.000e-08
1.182	        1.000e-08
1.184	        1.000e-08
1.185	        1.000e-08
1.187	        1.000e-08
1.188	        1.000e-08
1.190	        1.000e-08
1.192	        2.631e-07
1.193	        2.146e-06
1.195	        3.835e-06
1.196	        3.835e-06
1.198	        3.835e-06
1.200	        3.835e-06
1.201	        3.835e-06
1.203	        4.980e-06
1.204	        5.624e-06
1.206	        5.371e-06
1.208	        3.861e-06
1.209	        3.710e-06
1.211	        4.050e-06
1.213	        4.053e-06
1.214	        4.053e-06
1.216	        4.053e-06
1.217	        2.909e-06
1.219	        2.264e-06
1.221	        2.278e-06
1.222	        3.526e-06
1.224	        3.796e-06
1.225	        4.053e-06
1.227	        6.079e-06
1.229	        9.633e-06
1.230	        1.276e-05
1.232	        1.393e-05
1.233	        1.425e-05
1.235	        1.424e-05
1.237	        1.262e-05
1.238	        1.095e-05
1.240	        1.300e-05
1.241	        1.255e-05
1.243	        9.006e-06
1.245	        6.329e-06
1.246	        6.740e-06
1.248	        8.560e-06
1.249	        9.548e-06
1.251	        9.548e-06
1.253	        9.409e-06
1.254	        6.820e-06
1.256	        5.485e-06
1.258	        5.475e-06
1.259	        5.323e-06
1.261	        5.206e-06
1.262	        3.585e-06
1.264	        2.599e-06
1.266	        2.950e-06
1.267	        3.015e-06
1.269	        2.961e-06
1.270	        2.713e-06
1.272	        3.868e-06
1.274	        5.033e-06
1.275	        5.757e-06
1.277	        5.241e-06
1.278	        5.238e-06
1.280	        4.921e-06
1.282	        4.916e-06
1.283	        4.916e-06
1.285	        4.916e-06
1.286	        3.761e-06
1.288	        2.297e-06
1.290	        1.055e-07
1.291	        1.051e-07
1.293	        1.051e-07
1.295	        6.998e-08
1.296	        1.000e-08
1.298	        1.194e-08
1.299	        9.281e-07
1.301	        1.246e-06
1.303	        1.247e-06
1.304	        1.247e-06
1.306	        1.247e-06
1.307	        1.247e-06
1.309	        1.247e-06
1.311	        1.265e-06
1.312	        1.263e-06
1.314	        3.468e-07
1.315	        2.898e-08
1.317	        2.748e-08
1.319	        2.748e-08
1.320	        2.748e-08
1.322	        2.748e-08
1.323	        2.748e-08
1.325	        1.000e-08
1.327	        1.000e-08
1.328	        1.000e-08
1.330	        1.000e-08
1.332	        1.000e-08
1.333	        1.000e-08
1.335	        1.000e-08
1.336	        1.000e-08
1.338	        1.000e-08
1.340	        1.000e-08
1.341	        1.000e-08
1.343	        1.000e-08
1.344	        1.000e-08
1.346	        1.000e-08
1.348	        1.000e-08
1.349	        1.000e-08
1.351	        1.000e-08
1.352	        1.000e-08
1.354	        1.000e-08
1.356	        2.100e-08
1.357	        4.004e-08
1.359	        4.004e-08
1.360	        4.004e-08
1.362	        4.004e-08
1.364	        4.004e-08
1.365	        4.004e-08
1.367	        4.323e-08
1.368	        1.241e-06
1.370	        3.155e-06
1.372	        6.098e-06
1.373	        9.641e-06
1.375	        1.419e-05
1.377	        1.911e-05
1.378	        2.307e-05
1.380	        2.697e-05
1.381	        3.325e-05
1.383	        3.963e-05
1.385	        4.512e-05
1.386	        5.018e-05
1.388	        5.678e-05
1.389	        6.458e-05
1.391	        7.299e-05
1.393	        8.407e-05
1.394	        9.921e-05
1.396	        1.184e-04
1.397	        1.443e-04
1.399	        1.792e-04
1.401	        2.254e-04
1.402	        2.851e-04
1.404	        3.602e-04
1.405	        4.545e-04
1.407	        5.697e-04
1.409	        7.019e-04
1.410	        8.453e-04
1.412	        9.932e-04
1.414	        1.141e-03
1.415	        1.284e-03
1.417	        1.411e-03
1.418	        1.521e-03
1.420	        1.611e-03
1.422	        1.679e-03
1.423	        1.726e-03
1.425	        1.754e-03
1.426	        1.768e-03
1.428	        1.773e-03
1.430	        1.772e-03
1.431	        1.770e-03
1.433	        1.767e-03
1.434	        1.762e-03
1.436	        1.757e-03
1.438	        1.750e-03
1.439	        1.745e-03
1.441	        1.742e-03
1.442	        1.739e-03
1.444	        1.735e-03
1.446	        1.730e-03
1.447	        1.725e-03
1.449	        1.722e-03
1.450	        1.720e-03
1.452	        1.719e-03
1.454	        1.716e-03
1.455	        1.712e-03
1.457	        1.707e-03
1.459	        1.703e-03
1.460	        1.700e-03
1.462	        1.697e-03
1.463	        1.692e-03
1.465	        1.685e-03
1.467	        1.679e-03
1.468	        1.674e-03
1.470	        1.670e-03
1.471	        1.667e-03
1.473	        1.665e-03
1.475	        1.662e-03
1.476	        1.658e-03
1.478	        1.656e-03
1.479	        1.655e-03
1.481	        1.654e-03
1.483	        1.652e-03
1.484	        1.651e-03
1.486	        1.650e-03
1.487	        1.647e-03
1.489	        1.643e-03
1.491	        1.638e-03
1.492	        1.632e-03
1.494	        1.626e-03
1.496	        1.619e-03
1.497	        1.611e-03
1.499	        1.601e-03
1.500	        1.593e-03
1.502	        1.585e-03
1.504	        1.578e-03
1.505	        1.572e-03
1.507	        1.567e-03
1.508	        1.561e-03
1.510	        1.556e-03
1.512	        1.553e-03
1.513	        1.550e-03
1.515	        1.545e-03
1.516	        1.539e-03
1.518	        1.533e-03
1.520	        1.528e-03
1.521	        1.523e-03
1.523	        1.519e-03
1.524	        1.515e-03
1.526	        1.510e-03
1.528	        1.505e-03
1.529	        1.501e-03
1.531	        1.498e-03
1.533	        1.496e-03
1.534	        1.493e-03
1.536	        1.489e-03
1.537	        1.484e-03
1.539	        1.480e-03
1.541	        1.477e-03
1.542	        1.473e-03
1.544	        1.468e-03
1.545	        1.463e-03
1.547	        1.458e-03
1.549	        1.454e-03
1.550	        1.450e-03
1.552	        1.446e-03
1.553	        1.441e-03
1.555	        1.435e-03
1.557	        1.427e-03
1.558	        1.416e-03
1.560	        1.401e-03
1.561	        1.383e-03
1.563	        1.360e-03
1.565	        1.329e-03
1.566	        1.289e-03
1.568	        1.237e-03
1.569	        1.174e-03
1.571	        1.101e-03
1.573	        1.019e-03
1.574	        9.299e-04
1.576	        8.358e-04
1.578	        7.400e-04
1.579	        6.456e-04
1.581	        5.560e-04
1.582	        4.743e-04
1.584	        4.019e-04
1.586	        3.395e-04
1.587	        2.871e-04
1.589	        2.440e-04
1.590	        2.076e-04
1.592	        1.765e-04
1.594	        1.506e-04
1.595	        1.297e-04
1.597	        1.129e-04
1.598	        9.901e-05
1.600	        8.733e-05
1.602	        7.654e-05
1.603	        6.743e-05
1.605	        6.071e-05
1.606	        5.528e-05
1.608	        4.918e-05
1.610	        4.272e-05
1.611	        3.775e-05
1.613	        3.326e-05
1.615	        2.869e-05
1.616	        2.487e-05
1.618	        2.177e-05
1.619	        1.893e-05
1.621	        1.687e-05
1.623	        1.542e-05
1.624	        1.414e-05
1.626	        1.186e-05
1.627	        9.659e-06
1.629	        8.777e-06
1.631	        8.957e-06
1.632	        9.017e-06
1.634	        7.681e-06
1.635	        5.855e-06
1.637	        4.904e-06
1.639	        4.744e-06
1.640	        4.743e-06
1.642	        4.669e-06
1.643	        3.855e-06
1.645	        2.389e-06
1.647	        6.775e-07
1.648	        2.436e-08
1.650	        1.000e-08
1.652	        1.000e-08
1.653	        1.000e-08
1.655	        1.000e-08
1.656	        1.000e-08
1.658	        1.000e-08
1.660	        1.000e-08
1.661	        1.000e-08
1.663	        1.000e-08
1.664	        1.000e-08
1.666	        1.000e-08
1.668	        1.000e-08
1.669	        1.000e-08
1.671	        1.000e-08
1.672	        1.000e-08
1.674	        1.000e-08
1.676	        1.000e-08
1.677	        1.000e-08
1.679	        1.000e-08
1.680	        1.000e-08
1.682	        1.000e-08
1.684	        1.000e-08
1.685	        1.000e-08
1.687	        1.000e-08
1.688	        1.000e-08
1.690	        1.000e-08
1.692	        1.000e-08
1.693	        1.000e-08
1.695	        1.000e-08
1.697	        1.000e-08
1.698	        1.000e-08
1.700	        1.000e-08
1.701	        1.000e-08
1.703	        1.000e-08
1.705	        1.795e-08
1.706	        5.799e-08
1.708	        5.865e-08
1.709	        5.865e-08
1.711	        5.865e-08
1.713	        5.865e-08
1.714	        5.865e-08
1.716	        5.865e-08
1.717	        5.865e-08
1.719	        5.070e-08
1.721	        1.718e-08
1.722	        1.067e-07
1.724	        1.047e-06
1.725	        2.360e-06
1.727	        3.642e-06
1.729	        4.748e-06
1.730	        5.641e-06
1.732	        6.533e-06
1.734	        7.586e-06
1.735	        8.836e-06
1.737	        9.638e-06
1.738	        9.150e-06
1.740	        8.013e-06
1.742	        6.827e-06
1.743	        5.783e-06
1.745	        4.933e-06
1.746	        4.296e-06
1.748	        4.614e-06
1.750	        5.359e-06
1.751	        6.507e-06
1.753	        7.855e-06
1.754	        9.063e-06
1.756	        1.033e-05
1.758	        1.177e-05
1.759	        1.366e-05
1.761	        1.521e-05
1.762	        1.494e-05
1.764	        1.332e-05
1.766	        1.152e-05
1.767	        1.008e-05
1.769	        1.036e-05
1.771	        1.146e-05
1.772	        1.274e-05
1.774	        1.345e-05
1.775	        1.372e-05
1.777	        1.423e-05
1.779	        1.513e-05
1.780	        1.621e-05
1.782	        1.726e-05
1.783	        1.705e-05
1.785	        1.633e-05
1.787	        1.565e-05
1.788	        1.505e-05
1.790	        1.486e-05
1.791	        1.495e-05
1.793	        1.502e-05
1.795	        1.478e-05
1.796	        1.421e-05
1.798	        1.378e-05
1.799	        1.319e-05
1.801	        1.231e-05
1.803	        1.184e-05
1.804	        1.171e-05
1.806	        1.141e-05
1.807	        1.085e-05
1.809	        1.003e-05
1.811	        9.190e-06
1.812	        8.181e-06
1.814	        7.122e-06
1.816	        6.215e-06
1.817	        4.848e-06
1.819	        3.092e-06
1.820	        1.701e-06
1.822	        9.062e-07
1.824	        6.451e-07
1.825	        6.402e-07
1.827	        6.358e-07
1.828	        5.379e-07
1.830	        2.148e-07
1.832	        1.800e-08
1.833	        1.103e-08
1.835	        1.000e-08
1.836	        1.000e-08
1.838	        1.000e-08
1.840	        1.000e-08
1.841	        1.000e-08
1.843	        1.000e-08
1.844	        1.000e-08
1.846	        1.000e-08
1.848	        1.000e-08
1.849	        1.000e-08
1.851	        1.000e-08
1.853	        1.000e-08
1.854	        1.000e-08
1.856	        1.000e-08
1.857	        1.000e-08
1.859	        1.000e-08
1.861	        1.000e-08
1.862	        1.000e-08
1.864	        1.000e-08
1.865	        1.000e-08
1.867	        1.000e-08
1.869	        1.000e-08
1.870	        1.000e-08
1.872	        1.000e-08
1.873	        1.000e-08
1.875	        1.000e-08
1.877	        1.000e-08
1.878	        1.000e-08
1.880	        1.000e-08
1.881	        1.000e-08
1.883	        1.000e-08
1.885	        1.000e-08
1.886	        1.000e-08
1.888	        1.000e-08
1.890	        1.000e-08
1.891	        1.000e-08
1.893	        1.000e-08
1.894	        1.000e-08
1.896	        1.000e-08
1.898	        1.000e-08
1.899	        1.000e-08
1.901	        1.000e-08
1.902	        1.000e-08
1.904	        1.000e-08
1.906	        1.000e-08
1.907	        1.000e-08
1.909	        1.000e-08
1.910	        1.000e-08
1.912	        1.000e-08
1.914	        1.000e-08
1.915	        1.000e-08
1.917	        1.000e-08
1.918	        1.000e-08
1.920	        1.000e-08
1.922	        1.000e-08
1.923	        1.000e-08
1.925	        1.000e-08
1.926	        1.000e-08
1.928	        1.000e-08
1.930	        1.000e-08
1.931	        1.000e-08
1.933	        1.000e-08
1.935	        1.000e-08
1.936	        1.000e-08
1.938	        1.000e-08
1.939	        1.000e-08
1.941	        1.000e-08
1.943	        1.000e-08
1.944	        1.000e-08
1.946	        1.000e-08
1.947	        1.000e-08
1.949	        1.000e-08
1.951	        1.000e-08
1.952	        1.000e-08
1.954	        1.000e-08
1.955	        1.000e-08
1.957	        1.000e-08
1.959	        1.000e-08
1.960	        1.000e-08
1.962	        1.000e-08
1.963	        1.000e-08
1.965	        1.000e-08
1.967	        1.000e-08
1.968	        1.000e-08
1.970	        1.000e-08
1.972	        1.000e-08
1.973	        1.000e-08
1.975	        1.000e-08
1.976	        1.000e-08
1.978	        1.000e-08
1.980	        1.000e-08
1.981	        1.000e-08
1.983	        1.000e-08
1.984	        1.000e-08
1.986	        1.000e-08
1.988	        1.000e-08
1.989	        1.000e-08
1.991	        1.000e-08
1.992	        1.000e-08
1.994	        1.000e-08
1.996	        1.000e-08
1.997	        1.000e-08
1.999	        1.000e-08
2.000	        1.000e-08
2.002	        1.000e-08
2.004	        1.000e-08
2.005	        1.000e-08
2.007	        1.000e-08
2.009	        1.000e-08
2.010	        1.000e-08
2.012	        1.000e-08
2.013	        1.000e-08
2.015	        1.000e-08
2.017	        1.000e-08
2.018	        1.000e-08
2.020	        1.000e-08
2.021	        1.000e-08
2.023	        1.000e-08
2.025	        1.000e-08
2.026	        1.000e-08
2.028	        1.000e-08
2.029	        1.000e-08
2.031	        1.000e-08
2.033	        1.000e-08
2.034	        1.000e-08
2.036	        1.000e-08
2.037	        1.000e-08
2.039	        1.000e-08
2.041	        1.000e-08
2.042	        1.000e-08
2.044	        1.000e-08
2.045	        1.000e-08
2.047	        1.000e-08
2.049	        1.000e-08
2.050	        1.000e-08
2.052	        1.431e-08
2.054	        8.214e-08
2.055	        3.964e-07
2.057	        1.101e-06
2.058	        2.142e-06
2.060	        3.233e-06
2.062	        4.345e-06
2.063	        5.447e-06
2.065	        6.493e-06
2.066	        7.430e-06
2.068	        8.082e-06
2.070	        8.191e-06
2.071	        7.610e-06
2.073	        6.577e-06
2.074	        5.485e-06
2.076	        4.373e-06
2.078	        3.272e-06
2.079	        2.257e-06
2.081	        1.773e-06
2.082	        1.474e-06
2.084	        1.437e-06
2.086	        1.551e-06
2.087	        1.689e-06
2.089	        1.706e-06
2.091	        1.707e-06
2.092	        1.706e-06
2.094	        1.675e-06
2.095	        1.218e-06
2.097	        7.976e-07
2.099	        4.113e-07
2.100	        1.734e-07
2.102	        2.778e-08
2.103	        1.073e-08
2.105	        1.000e-08
2.107	        1.000e-08
2.108	        1.000e-08
2.110	        1.000e-08
2.111	        1.000e-08
2.113	        1.000e-08
2.115	        1.000e-08
2.116	        1.476e-08
2.118	        5.625e-08
2.119	        7.643e-08
2.121	        7.827e-08
2.123	        7.827e-08
2.124	        7.827e-08
2.126	        7.827e-08
2.128	        7.827e-08
2.129	        7.827e-08
2.131	        7.351e-08
2.132	        3.202e-08
2.134	        2.569e-08
2.136	        2.502e-07
2.137	        6.876e-07
2.139	        1.120e-06
2.140	        1.612e-06
2.142	        2.241e-06
2.144	        3.061e-06
2.145	        4.175e-06
2.147	        5.687e-06
2.148	        7.714e-06
2.150	        1.024e-05
2.152	        1.277e-05
2.153	        1.545e-05
2.155	        1.745e-05
2.156	        1.857e-05
2.158	        1.867e-05
2.160	        1.788e-05
2.161	        1.648e-05
2.163	        1.448e-05
2.164	        1.173e-05
2.166	        8.835e-06
2.168	        6.161e-06
2.169	        4.514e-06
2.171	        3.627e-06
2.173	        3.566e-06
2.174	        4.089e-06
2.176	        4.820e-06
2.177	        5.719e-06
2.179	        6.749e-06
2.181	        7.682e-06
2.182	        8.174e-06
2.184	        8.207e-06
2.185	        8.219e-06
2.187	        8.240e-06
2.189	        8.382e-06
2.190	        8.650e-06
2.192	        9.142e-06
2.193	        9.970e-06
2.195	        1.106e-05
2.197	        1.219e-05
2.198	        1.323e-05
2.200	        1.386e-05
2.201	        1.415e-05
2.203	        1.373e-05
2.205	        1.287e-05
2.206	        1.164e-05
2.208	        1.000e-05
2.210	        8.237e-06
2.211	        6.915e-06
2.213	        6.697e-06
2.214	        7.666e-06
2.216	        9.787e-06
2.218	        1.310e-05
2.219	        1.681e-05
2.221	        2.062e-05
2.222	        2.381e-05
2.224	        2.641e-05
2.226	        2.854e-05
2.227	        2.980e-05
2.229	        3.030e-05
2.230	        2.981e-05
2.232	        2.859e-05
2.234	        2.706e-05
2.235	        2.532e-05
2.237	        2.418e-05
2.238	        2.374e-05
2.240	        2.356e-05
2.242	        2.318e-05
2.243	        2.270e-05
2.245	        2.231e-05
2.247	        2.201e-05
2.248	        2.183e-05
2.250	        2.172e-05
2.251	        2.149e-05
2.253	        2.119e-05
2.255	        2.091e-05
2.256	        2.091e-05
2.258	        2.107e-05
2.259	        2.136e-05
2.261	        2.178e-05
2.263	        2.233e-05
2.264	        2.307e-05
2.266	        2.399e-05
2.267	        2.486e-05
2.269	        2.531e-05
2.271	        2.537e-05
2.272	        2.537e-05
2.274	        2.554e-05
2.275	        2.591e-05
2.277	        2.650e-05
2.279	        2.730e-05
2.280	        2.826e-05
2.282	        2.931e-05
2.283	        3.073e-05
2.285	        3.245e-05
2.287	        3.425e-05
2.288	        3.597e-05
2.290	        3.769e-05
2.292	        3.942e-05
2.293	        4.092e-05
2.295	        4.222e-05
2.296	        4.325e-05
2.298	        4.381e-05
2.300	        4.398e-05
2.301	        4.396e-05
2.303	        4.372e-05
2.304	        4.314e-05
2.306	        4.219e-05
2.308	        4.109e-05
2.309	        3.985e-05
2.311	        3.858e-05
2.312	        3.748e-05
2.314	        3.639e-05
2.316	        3.514e-05
2.317	        3.405e-05
2.319	        3.345e-05
2.320	        3.341e-05
2.322	        3.395e-05
2.324	        3.516e-05
2.325	        3.682e-05
2.327	        3.843e-05
2.329	        4.015e-05
2.330	        4.210e-05
2.332	        4.396e-05
2.333	        4.539e-05
2.335	        4.618e-05
2.337	        4.630e-05
2.338	        4.557e-05
2.340	        4.411e-05
2.341	        4.247e-05
2.343	        4.094e-05
2.345	        3.943e-05
2.346	        3.790e-05
2.348	        3.645e-05
2.349	        3.524e-05
2.351	        3.411e-05
2.353	        3.307e-05
2.354	        3.222e-05
2.356	        3.167e-05
2.357	        3.115e-05
2.359	        3.059e-05
2.361	        2.996e-05
2.362	        2.918e-05
2.364	        2.816e-05
2.366	        2.694e-05
2.367	        2.568e-05
2.369	        2.437e-05
2.370	        2.291e-05
2.372	        2.129e-05
2.374	        1.954e-05
2.375	        1.772e-05
2.377	        1.598e-05
2.378	        1.468e-05
2.380	        1.398e-05
2.382	        1.383e-05
2.383	        1.421e-05
2.385	        1.514e-05
2.386	        1.660e-05
2.388	        1.860e-05
2.390	        2.114e-05
2.391	        2.389e-05
2.393	        2.661e-05
2.394	        2.910e-05
2.396	        3.120e-05
2.398	        3.290e-05
2.399	        3.415e-05
2.401	        3.493e-05
2.402	        3.520e-05
2.404	        3.505e-05
2.406	        3.464e-05
2.407	        3.399e-05
2.409	        3.360e-05
2.411	        3.371e-05
2.412	        3.425e-05
2.414	        3.495e-05
2.415	        3.581e-05
2.417	        3.679e-05
2.419	        3.778e-05
2.420	        3.874e-05
2.422	        3.979e-05
2.423	        4.063e-05
2.425	        4.122e-05
2.427	        4.162e-05
2.428	        4.214e-05
2.430	        4.277e-05
2.431	        4.350e-05
2.433	        4.436e-05
2.435	        4.534e-05
2.436	        4.622e-05
2.438	        4.693e-05
2.439	        4.749e-05
2.441	        4.806e-05
2.443	        4.864e-05
2.444	        4.912e-05
2.446	        4.934e-05
2.448	        4.930e-05
2.449	        4.902e-05
2.451	        4.860e-05
2.452	        4.804e-05
2.454	        4.722e-05
2.456	        4.592e-05
2.457	        4.418e-05
2.459	        4.192e-05
2.460	        3.931e-05
2.462	        3.643e-05
2.464	        3.334e-05
2.465	        3.010e-05
2.467	        2.676e-05
2.468	        2.362e-05
2.470	        2.078e-05
2.472	        1.823e-05
2.473	        1.634e-05
2.475	        1.521e-05
2.476	        1.477e-05
2.478	        1.430e-05
2.480	        1.377e-05
2.481	        1.324e-05
2.483	        1.214e-05
2.485	        1.085e-05
2.486	        9.509e-06
2.488	        7.978e-06
2.489	        6.214e-06
2.491	        4.191e-06
2.493	        2.598e-06
2.494	        1.382e-06
2.496	        4.545e-07
2.497	        1.487e-07
2.499	        5.172e-08
2.500	        2.146e-08
2.501	        1.227e-08
2.502	        1.000e-08
2.504	        1.000e-08
2.505	        1.000e-08
2.507	        1.000e-08
2.508	        1.000e-08
2.509	        1.000e-08
2.511	        1.000e-08
2.512	        1.000e-08
2.513	        1.000e-08
2.515	        1.000e-08
2.516	        1.000e-08
2.517	        1.000e-08
2.519	        1.000e-08
2.520	        1.000e-08
2.521	        1.000e-08
2.523	        1.000e-08
2.524	        1.000e-08
2.525	        1.000e-08
2.527	        1.000e-08
2.528	        1.000e-08
2.530	        1.000e-08
2.531	        1.000e-08
2.532	        1.000e-08
2.534	        1.000e-08
2.535	        1.000e-08
2.536	        1.000e-08
2.538	        1.000e-08
2.539	        1.000e-08
2.540	        1.000e-08
2.542	        1.000e-08
2.543	        1.000e-08
2.544	        1.000e-08
2.546	        1.000e-08
2.547	        1.000e-08
2.548	        1.000e-08
2.550	        1.000e-08
2.551	        1.000e-08
2.552	        1.000e-08
2.554	        1.000e-08
2.555	        1.000e-08
2.557	        1.000e-08
2.558	        1.000e-08
2.559	        1.000e-08
2.561	        1.000e-08
2.562	        1.000e-08
2.563	        1.000e-08
2.565	        1.000e-08
2.566	        1.000e-08
2.567	        1.000e-08
2.569	        1.000e-08
2.570	        1.000e-08
2.571	        1.000e-08
2.573	        1.000e-08
2.574	        1.000e-08
2.575	        1.000e-08
2.577	        1.000e-08
2.578	        1.000e-08
2.580	        1.000e-08
2.581	        1.000e-08
2.582	        1.000e-08
2.584	        1.000e-08
2.585	        1.000e-08
2.586	        1.000e-08
2.588	        1.000e-08
2.589	        1.000e-08
2.590	        1.000e-08
2.592	        1.000e-08
2.593	        1.000e-08
2.594	        1.000e-08
2.596	        1.000e-08
2.597	        1.000e-08
2.598	        1.000e-08
2.600	        1.000e-08
2.601	        1.000e-08
2.602	        1.000e-08
2.604	        1.000e-08
2.605	        1.000e-08
2.607	        1.000e-08
2.608	        1.000e-08
2.609	        1.000e-08
2.611	        1.000e-08
2.612	        1.000e-08
2.613	        4.830e-08
2.615	        4.830e-08
2.616	        4.830e-08
2.617	        4.830e-08
2.619	        5.842e-08
2.620	        3.017e-07
2.621	        1.169e-06
2.623	        1.841e-06
2.624	        3.678e-06
2.625	        5.503e-06
2.627	        7.794e-06
2.628	        1.061e-05
2.629	        1.417e-05
2.631	        1.841e-05
2.632	        2.342e-05
2.634	        2.731e-05
2.635	        3.266e-05
2.636	        3.882e-05
2.638	        4.433e-05
2.639	        4.921e-05
2.640	        5.482e-05
2.642	        6.038e-05
2.643	        6.429e-05
2.644	        6.765e-05
2.646	        7.213e-05
2.647	        7.563e-05
2.648	        7.876e-05
2.650	        8.178e-05
2.651	        8.559e-05
2.652	        8.939e-05
2.654	        9.331e-05
2.655	        9.754e-05
2.657	        1.015e-04
2.658	        1.045e-04
2.659	        1.071e-04
2.661	        1.097e-04
2.662	        1.134e-04
2.663	        1.178e-04
2.665	        1.203e-04
2.666	        1.210e-04
2.667	        1.234e-04
2.669	        1.279e-04
2.670	        1.327e-04
2.671	        1.379e-04
2.673	        1.425e-04
2.674	        1.477e-04
2.675	        1.525e-04
2.677	        1.581e-04
2.678	        1.669e-04
2.679	        1.730e-04
2.681	        1.784e-04
2.682	        1.862e-04
2.684	        1.948e-04
2.685	        2.043e-04
2.686	        2.146e-04
2.688	        2.239e-04
2.689	        2.353e-04
2.690	        2.449e-04
2.692	        2.565e-04
2.693	        2.674e-04
2.694	        2.766e-04
2.696	        2.857e-04
2.697	        2.921e-04
2.698	        2.984e-04
2.700	        3.061e-04
2.701	        3.125e-04
2.702	        3.204e-04
2.704	        3.290e-04
2.705	        3.390e-04
2.707	        3.502e-04
2.708	        3.631e-04
2.709	        3.790e-04
2.711	        3.956e-04
2.712	        4.129e-04
2.713	        4.309e-04
2.715	        4.498e-04
2.716	        4.691e-04
2.717	        4.866e-04
2.719	        5.066e-04
2.720	        5.262e-04
2.721	        5.465e-04
2.723	        5.687e-04
2.724	        5.927e-04
2.725	        6.204e-04
2.727	        6.516e-04
2.728	        6.851e-04
2.729	        7.258e-04
2.731	        7.694e-04
2.732	        8.173e-04
2.734	        8.739e-04
2.735	        9.352e-04
2.736	        1.001e-03
2.738	        1.074e-03
2.739	        1.152e-03
2.740	        1.240e-03
2.742	        1.336e-03
2.743	        1.441e-03
2.744	        1.559e-03
2.746	        1.685e-03
2.747	        1.824e-03
2.748	        1.980e-03
2.750	        2.153e-03
2.751	        2.343e-03
2.752	        2.549e-03
2.754	        2.773e-03
2.755	        3.019e-03
2.757	        3.285e-03
2.758	        3.574e-03
2.759	        3.886e-03
2.761	        4.219e-03
2.762	        4.575e-03
2.763	        4.957e-03
2.765	        5.368e-03
2.766	        5.805e-03
2.767	        6.270e-03
2.769	        6.763e-03
2.770	        7.287e-03
2.771	        7.847e-03
2.773	        8.445e-03
2.774	        9.084e-03
2.775	        9.770e-03
2.777	        1.050e-02
2.778	        1.129e-02
2.779	        1.214e-02
2.781	        1.307e-02
2.782	        1.407e-02
2.784	        1.516e-02
2.785	        1.634e-02
2.786	        1.764e-02
2.788	        1.905e-02
2.789	        2.061e-02
2.790	        2.233e-02
2.792	        2.424e-02
2.793	        2.635e-02
2.794	        2.871e-02
2.796	        3.134e-02
2.797	        3.429e-02
2.798	        3.761e-02
2.800	        4.132e-02
2.801	        4.548e-02
2.802	        5.016e-02
2.804	        5.544e-02
2.805	        6.138e-02
2.807	        6.809e-02
2.808	        7.565e-02
2.809	        8.417e-02
2.811	        9.377e-02
2.812	        1.046e-01
2.813	        1.167e-01
2.815	        1.303e-01
2.816	        1.455e-01
2.817	        1.623e-01
2.819	        1.809e-01
2.820	        2.014e-01
2.821	        2.237e-01
2.823	        2.480e-01
2.824	        2.741e-01
2.825	        3.019e-01
2.827	        3.314e-01
2.828	        3.622e-01
2.829	        3.942e-01
2.831	        4.270e-01
2.832	        4.603e-01
2.834	        4.936e-01
2.835	        5.267e-01
2.836	        5.591e-01
2.838	        5.906e-01
2.839	        6.209e-01
2.840	        6.496e-01
2.842	        6.768e-01
2.843	        7.021e-01
2.844	        7.255e-01
2.846	        7.471e-01
2.847	        7.668e-01
2.848	        7.847e-01
2.850	        8.008e-01
2.851	        8.152e-01
2.852	        8.280e-01
2.854	        8.393e-01
2.855	        8.492e-01
2.857	        8.579e-01
2.858	        8.653e-01
2.859	        8.717e-01
2.861	        8.770e-01
2.862	        8.815e-01
2.863	        8.852e-01
2.865	        8.882e-01
2.866	        8.905e-01
2.867	        8.923e-01
2.869	        8.936e-01
2.870	        8.945e-01
2.871	        8.951e-01
2.873	        8.954e-01
2.874	        8.954e-01
2.875	        8.953e-01
2.877	        8.951e-01
2.878	        8.948e-01
2.879	        8.945e-01
2.881	        8.942e-01
2.882	        8.940e-01
2.884	        8.938e-01
2.885	        8.936e-01
2.886	        8.936e-01
2.888	        8.936e-01
2.889	        8.937e-01
2.890	        8.939e-01
2.892	        8.942e-01
2.893	        8.946e-01
2.894	        8.951e-01
2.896	        8.956e-01
2.897	        8.962e-01
2.898	        8.969e-01
2.900	        8.976e-01
2.901	        8.982e-01
2.902	        8.989e-01
2.904	        8.997e-01
2.905	        9.004e-01
2.906	        9.010e-01
2.908	        9.017e-01
2.909	        9.023e-01
2.911	        9.030e-01
2.912	        9.036e-01
2.913	        9.042e-01
2.915	        9.048e-01
2.916	        9.054e-01
2.917	        9.060e-01
2.919	        9.066e-01
2.920	        9.071e-01
2.921	        9.077e-01
2.923	        9.082e-01
2.924	        9.087e-01
2.925	        9.091e-01
2.927	        9.096e-01
2.928	        9.100e-01
2.929	        9.104e-01
2.931	        9.108e-01
2.932	        9.111e-01
2.934	        9.114e-01
2.935	        9.117e-01
2.936	        9.120e-01
2.938	        9.121e-01
2.939	        9.123e-01
2.940	        9.124e-01
2.942	        9.124e-01
2.943	        9.124e-01
2.944	        9.124e-01
2.946	        9.123e-01
2.947	        9.121e-01
2.948	        9.119e-01
2.950	        9.117e-01
2.951	        9.114e-01
2.952	        9.111e-01
2.954	        9.108e-01
2.955	        9.105e-01
2.956	        9.102e-01
2.958	        9.099e-01
2.959	        9.096e-01
2.961	        9.093e-01
2.962	        9.091e-01
2.963	        9.089e-01
2.965	        9.088e-01
2.966	        9.088e-01
2.967	        9.088e-01
2.969	        9.088e-01
2.970	        9.090e-01
2.971	        9.092e-01
2.973	        9.095e-01
2.974	        9.098e-01
2.975	        9.102e-01
2.977	        9.106e-01
2.978	        9.111e-01
2.979	        9.117e-01
2.981	        9.123e-01
2.982	        9.129e-01
2.984	        9.135e-01
2.985	        9.142e-01
2.986	        9.148e-01
2.988	        9.154e-01
2.989	        9.161e-01
2.990	        9.166e-01
2.992	        9.172e-01
2.993	        9.177e-01
2.994	        9.182e-01
2.996	        9.186e-01
2.997	        9.190e-01
2.998	        9.193e-01
3.000	        9.195e-01
3.001	        9.197e-01
3.002	        9.199e-01
3.004	        9.199e-01
3.005	        9.200e-01
3.006	        9.200e-01
3.008	        9.200e-01
3.009	        9.199e-01
3.011	        9.198e-01
3.012	        9.197e-01
3.013	        9.196e-01
3.015	        9.195e-01
3.016	        9.195e-01
3.017	        9.194e-01
3.019	        9.193e-01
3.020	        9.193e-01
3.021	        9.193e-01
3.023	        9.193e-01
3.024	        9.194e-01
3.025	        9.194e-01
3.027	        9.195e-01
3.028	        9.197e-01
3.029	        9.198e-01
3.031	        9.199e-01
3.032	        9.201e-01
3.034	        9.203e-01
3.035	        9.205e-01
3.036	        9.206e-01
3.038	        9.208e-01
3.039	        9.209e-01
3.040	        9.209e-01
3.042	        9.210e-01
3.043	        9.210e-01
3.044	        9.210e-01
3.046	        9.209e-01
3.047	        9.207e-01
3.048	        9.206e-01
3.050	        9.204e-01
3.051	        9.201e-01
3.052	        9.198e-01
3.054	        9.195e-01
3.055	        9.192e-01
3.056	        9.188e-01
3.058	        9.185e-01
3.059	        9.182e-01
3.061	        9.178e-01
3.062	        9.175e-01
3.063	        9.173e-01
3.065	        9.170e-01
3.066	        9.169e-01
3.067	        9.168e-01
3.069	        9.168e-01
3.070	        9.168e-01
3.071	        9.169e-01
3.073	        9.170e-01
3.074	        9.172e-01
3.075	        9.175e-01
3.077	        9.178e-01
3.078	        9.182e-01
3.079	        9.186e-01
3.081	        9.190e-01
3.082	        9.195e-01
3.084	        9.199e-01
3.085	        9.203e-01
3.086	        9.207e-01
3.088	        9.211e-01
3.089	        9.214e-01
3.090	        9.216e-01
3.092	        9.218e-01
3.093	        9.219e-01
3.094	        9.219e-01
3.096	        9.219e-01
3.097	        9.217e-01
3.098	        9.215e-01
3.100	        9.213e-01
3.101	        9.210e-01
3.102	        9.206e-01
3.104	        9.203e-01
3.105	        9.199e-01
3.106	        9.195e-01
3.108	        9.191e-01
3.109	        9.187e-01
3.111	        9.183e-01
3.112	        9.179e-01
3.113	        9.175e-01
3.115	        9.170e-01
3.116	        9.163e-01
3.117	        9.155e-01
3.119	        9.143e-01
3.120	        9.128e-01
3.121	        9.107e-01
3.123	        9.079e-01
3.124	        9.041e-01
3.125	        8.993e-01
3.127	        8.931e-01
3.128	        8.853e-01
3.129	        8.757e-01
3.131	        8.641e-01
3.132	        8.503e-01
3.134	        8.342e-01
3.135	        8.155e-01
3.136	        7.944e-01
3.138	        7.708e-01
3.139	        7.448e-01
3.140	        7.166e-01
3.142	        6.864e-01
3.143	        6.546e-01
3.144	        6.216e-01
3.146	        5.876e-01
3.147	        5.532e-01
3.148	        5.187e-01
3.150	        4.845e-01
3.151	        4.511e-01
3.152	        4.186e-01
3.154	        3.873e-01
3.155	        3.576e-01
3.156	        3.294e-01
3.158	        3.030e-01
3.159	        2.783e-01
3.161	        2.554e-01
3.162	        2.343e-01
3.163	        2.148e-01
3.165	        1.970e-01
3.166	        1.806e-01
3.167	        1.657e-01
3.169	        1.522e-01
3.170	        1.398e-01
3.171	        1.286e-01
3.173	        1.184e-01
3.174	        1.092e-01
3.175	        1.008e-01
3.177	        9.321e-02
3.178	        8.630e-02
3.179	        8.001e-02
3.181	        7.429e-02
3.182	        6.908e-02
3.184	        6.433e-02
3.185	        6.000e-02
3.186	        5.605e-02
3.188	        5.243e-02
3.189	        4.912e-02
3.190	        4.608e-02
3.192	        4.329e-02
3.193	        4.072e-02
3.194	        3.836e-02
3.196	        3.619e-02
3.197	        3.417e-02
3.198	        3.231e-02
3.200	        3.059e-02
3.201	        2.899e-02
3.202	        2.750e-02
3.204	        2.612e-02
3.205	        2.483e-02
3.206	        2.362e-02
3.208	        2.250e-02
3.209	        2.145e-02
3.211	        2.045e-02
3.212	        1.952e-02
3.213	        1.864e-02
3.215	        1.780e-02
3.216	        1.701e-02
3.217	        1.625e-02
3.219	        1.553e-02
3.220	        1.483e-02
3.221	        1.418e-02
3.223	        1.355e-02
3.224	        1.296e-02
3.225	        1.239e-02
3.227	        1.185e-02
3.228	        1.134e-02
3.229	        1.085e-02
3.231	        1.038e-02
3.232	        9.934e-03
3.233	        9.495e-03
3.235	        9.068e-03
3.236	        8.651e-03
3.238	        8.244e-03
3.239	        7.848e-03
3.240	        7.464e-03
3.242	        7.090e-03
3.243	        6.725e-03
3.244	        6.372e-03
3.246	        6.032e-03
3.247	        5.703e-03
3.248	        5.386e-03
3.250	        5.082e-03
3.251	        4.793e-03
3.252	        4.515e-03
3.254	        4.249e-03
3.255	        3.994e-03
3.256	        3.750e-03
3.258	        3.515e-03
3.259	        3.290e-03
3.261	        3.075e-03
3.262	        2.870e-03
3.263	        2.674e-03
3.265	        2.488e-03
3.266	        2.311e-03
3.267	        2.144e-03
3.269	        1.984e-03
3.270	        1.833e-03
3.271	        1.691e-03
3.273	        1.559e-03
3.274	        1.436e-03
3.275	        1.321e-03
3.277	        1.213e-03
3.278	        1.111e-03
3.279	        1.015e-03
3.281	        9.272e-04
3.282	        8.470e-04
3.283	        7.717e-04
3.285	        7.019e-04
3.286	        6.377e-04
3.288	        5.774e-04
3.289	        5.202e-04
3.290	        4.664e-04
3.292	        4.172e-04
3.293	        3.726e-04
3.294	        3.304e-04
3.296	        2.917e-04
3.297	        2.568e-04
3.298	        2.239e-04
3.300	        1.932e-04
3.301	        1.636e-04
3.302	        1.371e-04
3.304	        1.145e-04
3.305	        9.340e-05
3.306	        7.474e-05
3.308	        5.783e-05
3.309	        4.220e-05
3.311	        2.860e-05
3.312	        1.764e-05
3.313	        1.060e-05
3.315	        6.405e-06
3.316	        2.950e-06
3.317	        9.350e-07
3.319	        4.107e-08
3.320	        1.000e-08
3.321	        1.000e-08
3.323	        1.000e-08
3.324	        1.000e-08
3.325	        1.000e-08
3.327	        1.000e-08
3.328	        1.000e-08
3.329	        1.000e-08
3.331	        1.000e-08
3.332	        1.000e-08
3.333	        1.000e-08
3.335	        1.000e-08
3.336	        1.000e-08
3.338	        1.000e-08
3.339	        1.000e-08
3.340	        1.000e-08
3.342	        1.000e-08
3.343	        1.000e-08
3.344	        1.000e-08
3.346	        1.000e-08
3.347	        1.000e-08
3.348	        1.000e-08
3.350	        1.000e-08
3.351	        1.000e-08
3.352	        1.000e-08
3.354	        1.000e-08
3.355	        1.000e-08
3.356	        1.000e-08
3.358	        1.000e-08
3.359	        1.000e-08
3.361	        1.000e-08
3.362	        1.000e-08
3.363	        1.000e-08
3.365	        1.000e-08
3.366	        1.000e-08
3.367	        1.000e-08
3.369	        1.000e-08
3.370	        1.000e-08
3.371	        1.000e-08
3.373	        1.000e-08
3.374	        1.000e-08
3.375	        1.000e-08
3.377	        1.000e-08
3.378	        1.000e-08
3.379	        1.000e-08
3.381	        1.000e-08
3.382	        1.000e-08
3.383	        1.000e-08
3.385	        1.000e-08
3.386	        1.000e-08
3.388	        1.000e-08
3.389	        1.000e-08
3.390	        1.000e-08
3.392	        1.000e-08
3.393	        1.000e-08
3.394	        1.000e-08
3.396	        1.000e-08
3.397	        1.000e-08
3.398	        1.000e-08
3.400	        1.000e-08
3.401	        1.000e-08
3.402	        1.000e-08
3.404	        1.000e-08
3.405	        1.000e-08
3.406	        1.000e-08
3.408	        1.000e-08
3.409	        1.000e-08
3.411	        1.000e-08
3.412	        1.000e-08
3.413	        1.000e-08
3.415	        1.000e-08
3.416	        1.000e-08
3.417	        1.000e-08
3.419	        1.000e-08
3.420	        1.000e-08
3.421	        1.000e-08
3.423	        1.000e-08
3.424	        1.000e-08
3.425	        1.000e-08
3.427	        3.334e-07
3.428	        2.146e-06
3.429	        5.016e-06
3.431	        9.217e-06
3.432	        1.363e-05
3.433	        1.855e-05
3.435	        2.396e-05
3.436	        2.970e-05
3.438	        3.612e-05
3.439	        4.161e-05
3.440	        4.505e-05
3.442	        4.782e-05
3.443	        4.917e-05
3.444	        4.994e-05
3.446	        5.089e-05
3.447	        5.270e-05
3.448	        5.449e-05
3.450	        5.502e-05
3.451	        5.629e-05
3.452	        5.873e-05
3.454	        6.132e-05
3.455	        6.474e-05
3.456	        6.984e-05
3.458	        7.516e-05
3.459	        7.857e-05
3.461	        8.144e-05
3.462	        8.564e-05
3.463	        8.952e-05
3.465	        9.169e-05
3.466	        9.366e-05
3.467	        9.624e-05
3.469	        9.782e-05
3.470	        9.808e-05
3.471	        9.812e-05
3.473	        9.755e-05
3.474	        9.576e-05
3.475	        9.475e-05
3.477	        9.579e-05
3.478	        9.604e-05
3.479	        9.410e-05
3.481	        9.219e-05
3.482	        9.126e-05
3.483	        9.016e-05
3.485	        8.871e-05
3.486	        8.785e-05
3.488	        8.698e-05
3.489	        8.585e-05
3.490	        8.534e-05
3.492	        8.450e-05
3.493	        8.227e-05
3.494	        7.958e-05
3.496	        7.832e-05
3.497	        7.823e-05
3.498	        7.679e-05
3.500	        7.395e-05
3.501	        7.115e-05
3.502	        6.927e-05
3.504	        6.811e-05
3.505	        6.727e-05
3.506	        6.650e-05
3.508	        6.494e-05
3.509	        6.298e-05
3.510	        6.272e-05
3.512	        6.347e-05
3.513	        6.298e-05
3.515	        6.057e-05
3.516	        5.791e-05
3.517	        5.604e-05
3.519	        5.399e-05
3.520	        5.261e-05
3.521	        5.240e-05
3.523	        5.101e-05
3.524	        4.893e-05
3.525	        4.855e-05
3.527	        4.988e-05
3.528	        5.178e-05
3.529	        5.371e-05
3.531	        5.638e-05
3.532	        5.934e-05
3.533	        6.191e-05
3.535	        6.580e-05
3.536	        7.100e-05
3.538	        7.538e-05
3.539	        7.909e-05
3.540	        8.381e-05
3.542	        8.971e-05
3.543	        9.556e-05
3.544	        1.011e-04
3.546	        1.061e-04
3.547	        1.103e-04
3.548	        1.138e-04
3.550	        1.173e-04
3.551	        1.219e-04
3.552	        1.258e-04
3.554	        1.269e-04
3.555	        1.273e-04
3.556	        1.280e-04
3.558	        1.289e-04
3.559	        1.311e-04
3.560	        1.339e-04
3.562	        1.352e-04
3.563	        1.339e-04
3.565	        1.322e-04
3.566	        1.327e-04
3.567	        1.330e-04
3.569	        1.318e-04
3.570	        1.305e-04
3.571	        1.284e-04
3.573	        1.257e-04
3.574	        1.241e-04
3.575	        1.237e-04
3.577	        1.234e-04
3.578	        1.216e-04
3.579	        1.192e-04
3.581	        1.166e-04
3.582	        1.127e-04
3.583	        1.081e-04
3.585	        1.040e-04
3.586	        9.977e-05
3.588	        9.519e-05
3.589	        9.014e-05
3.590	        8.580e-05
3.592	        8.254e-05
3.593	        8.002e-05
3.594	        7.947e-05
3.596	        8.024e-05
3.597	        8.008e-05
3.598	        7.895e-05
3.600	        7.767e-05
3.601	        7.714e-05
3.602	        7.753e-05
3.604	        7.801e-05
3.605	        7.782e-05
3.606	        7.617e-05
3.608	        7.363e-05
3.609	        7.225e-05
3.610	        7.228e-05
3.612	        7.291e-05
3.613	        7.313e-05
3.615	        7.245e-05
3.616	        7.184e-05
3.617	        7.175e-05
3.619	        7.227e-05
3.620	        7.353e-05
3.621	        7.387e-05
3.623	        7.261e-05
3.624	        7.100e-05
3.625	        6.954e-05
3.627	        6.833e-05
3.628	        6.685e-05
3.629	        6.472e-05
3.631	        6.220e-05
3.632	        5.946e-05
3.633	        5.779e-05
3.635	        5.763e-05
3.636	        5.776e-05
3.638	        5.853e-05
3.639	        5.973e-05
3.640	        6.075e-05
3.642	        6.247e-05
3.643	        6.396e-05
3.644	        6.409e-05
3.646	        6.462e-05
3.647	        6.619e-05
3.648	        6.751e-05
3.650	        6.843e-05
3.651	        6.884e-05
3.652	        6.882e-05
3.654	        6.875e-05
3.655	        6.935e-05
3.656	        7.071e-05
3.658	        7.159e-05
3.659	        7.257e-05
3.660	        7.451e-05
3.662	        7.561e-05
3.663	        7.603e-05
3.665	        7.713e-05
3.666	        7.869e-05
3.667	        8.099e-05
3.669	        8.343e-05
3.670	        8.367e-05
3.671	        8.181e-05
3.673	        8.032e-05
3.674	        8.023e-05
3.675	        7.993e-05
3.677	        7.780e-05
3.678	        7.487e-05
3.679	        7.245e-05
3.681	        7.019e-05
3.682	        6.897e-05
3.683	        6.885e-05
3.685	        6.805e-05
3.686	        6.672e-05
3.688	        6.615e-05
3.689	        6.646e-05
3.690	        6.747e-05
3.692	        6.877e-05
3.693	        7.026e-05
3.694	        7.218e-05
3.696	        7.419e-05
3.697	        7.601e-05
3.698	        7.746e-05
3.700	        7.914e-05
3.701	        8.190e-05
3.702	        8.374e-05
3.704	        8.272e-05
3.705	        8.076e-05
3.706	        7.909e-05
3.708	        7.653e-05
3.709	        7.349e-05
3.710	        7.094e-05
3.712	        6.886e-05
3.713	        6.767e-05
3.715	        6.762e-05
3.716	        6.736e-05
3.717	        6.587e-05
3.719	        6.373e-05
3.720	        6.268e-05
3.721	        6.290e-05
3.723	        6.264e-05
3.724	        6.096e-05
3.725	        5.810e-05
3.727	        5.526e-05
3.728	        5.469e-05
3.729	        5.664e-05
3.731	        5.895e-05
3.732	        5.983e-05
3.733	        5.923e-05
3.735	        5.867e-05
3.736	        5.933e-05
3.738	        6.022e-05
3.739	        6.019e-05
3.740	        5.980e-05
3.742	        5.901e-05
3.743	        5.639e-05
3.744	        5.188e-05
3.746	        4.739e-05
3.747	        4.408e-05
3.748	        4.196e-05
3.750	        4.051e-05
3.751	        3.965e-05
3.752	        3.848e-05
3.754	        3.660e-05
3.755	        3.605e-05
3.756	        3.773e-05
3.758	        3.940e-05
3.759	        3.946e-05
3.760	        3.789e-05
3.762	        3.595e-05
3.763	        3.471e-05
3.765	        3.400e-05
3.766	        3.312e-05
3.767	        3.201e-05
3.769	        3.091e-05
3.770	        3.044e-05
3.771	        3.110e-05
3.773	        3.251e-05
3.774	        3.338e-05
3.775	        3.364e-05
3.777	        3.412e-05
3.778	        3.427e-05
3.779	        3.369e-05
3.781	        3.331e-05
3.782	        3.381e-05
3.783	        3.385e-05
3.785	        3.290e-05
3.786	        3.188e-05
3.788	        3.079e-05
3.789	        2.942e-05
3.790	        2.854e-05
3.792	        2.786e-05
3.793	        2.646e-05
3.794	        2.426e-05
3.796	        2.267e-05
3.797	        2.209e-05
3.798	        2.173e-05
3.800	        2.097e-05
3.801	        1.937e-05
3.802	        1.774e-05
3.804	        1.739e-05
3.805	        1.776e-05
3.806	        1.761e-05
3.808	        1.681e-05
3.809	        1.559e-05
3.810	        1.461e-05
3.812	        1.438e-05
3.813	        1.506e-05
3.815	        1.667e-05
3.816	        1.890e-05
3.817	        2.116e-05
3.819	        2.308e-05
3.820	        2.489e-05
3.821	        2.719e-05
3.823	        2.930e-05
3.824	        3.043e-05
3.825	        3.098e-05
3.827	        3.101e-05
3.828	        3.009e-05
3.829	        2.930e-05
3.831	        2.936e-05
3.832	        2.843e-05
3.833	        2.527e-05
3.835	        2.203e-05
3.836	        2.014e-05
3.837	        1.860e-05
3.839	        1.694e-05
3.840	        1.596e-05
3.842	        1.485e-05
3.843	        1.266e-05
3.844	        1.125e-05
3.846	        1.143e-05
3.847	        1.176e-05
3.848	        1.124e-05
3.850	        1.030e-05
3.851	        9.162e-06
3.852	        7.702e-06
3.854	        7.466e-06
3.855	        8.642e-06
3.856	        9.037e-06
3.858	        8.236e-06
3.859	        7.545e-06
3.860	        8.029e-06
3.862	        9.654e-06
3.863	        1.167e-05
3.865	        1.354e-05
3.866	        1.410e-05
3.867	        1.384e-05
3.869	        1.431e-05
3.870	        1.577e-05
3.871	        1.743e-05
3.873	        1.867e-05
3.874	        1.935e-05
3.875	        1.957e-05
3.877	        1.947e-05
3.878	        1.975e-05
3.879	        2.050e-05
3.881	        2.174e-05
3.882	        2.352e-05
3.883	        2.524e-05
3.885	        2.646e-05
3.886	        2.761e-05
3.887	        2.948e-05
3.889	        3.175e-05
3.890	        3.324e-05
3.892	        3.369e-05
3.893	        3.301e-05
3.894	        3.206e-05
3.896	        3.178e-05
3.897	        3.110e-05
3.898	        2.977e-05
3.900	        2.826e-05
3.901	        2.651e-05
3.902	        2.483e-05
3.904	        2.441e-05
3.905	        2.611e-05
3.906	        2.829e-05
3.908	        2.907e-05
3.909	        2.895e-05
3.910	        2.824e-05
3.912	        2.768e-05
3.913	        2.762e-05
3.915	        2.771e-05
3.916	        2.751e-05
3.917	        2.591e-05
3.919	        2.264e-05
3.920	        1.931e-05
3.921	        1.740e-05
3.923	        1.675e-05
3.924	        1.574e-05
3.925	        1.488e-05
3.927	        1.451e-05
3.928	        1.392e-05
3.929	        1.345e-05
3.931	        1.326e-05
3.932	        1.237e-05
3.933	        1.121e-05
3.935	        9.775e-06
3.936	        8.385e-06
3.937	        6.608e-06
3.939	        4.601e-06
3.940	        2.780e-06
3.942	        1.357e-06
3.943	        7.443e-07
3.944	        7.329e-07
3.946	        7.329e-07
3.947	        7.329e-07
3.948	        7.329e-07
3.950	        7.329e-07
3.951	        7.332e-07
3.952	        7.384e-07
3.954	        1.656e-06
3.955	        2.975e-06
3.956	        3.486e-06
3.958	        3.494e-06
3.959	        3.524e-06
3.960	        4.439e-06
3.962	        6.146e-06
3.963	        7.835e-06
3.965	        8.510e-06
3.966	        7.337e-06
3.967	        5.557e-06
3.969	        5.039e-06
3.970	        5.031e-06
3.971	        5.002e-06
3.973	        4.087e-06
3.974	        2.379e-06
3.975	        6.903e-07
3.977	        1.021e-08
3.978	        1.000e-08
3.979	        1.000e-08
3.981	        1.000e-08
3.982	        1.000e-08
3.983	        1.000e-08
3.985	        1.000e-08
3.986	        1.000e-08
3.987	        1.000e-08
3.989	        1.000e-08
3.990	        1.000e-08
3.992	        1.000e-08
3.993	        1.000e-08
3.994	        1.000e-08
3.996	        1.000e-08
3.997	        1.000e-08
3.998	        1.000e-08
4.000	        1.000e-08
4.001	        1.000e-08
4.002	        1.000e-08
4.004	        1.000e-08
4.005	        1.000e-08
4.006	        1.000e-08
4.008	        1.000e-08
4.009	        1.000e-08
4.010	        1.000e-08
4.012	        1.000e-08
4.013	        1.000e-08
4.015	        1.000e-08
4.016	        1.000e-08
4.017	        1.000e-08
4.019	        1.000e-08
4.020	        1.000e-08
4.021	        1.000e-08
4.023	        1.000e-08
4.024	        1.000e-08
4.025	        1.000e-08
4.027	        1.000e-08
4.028	        1.000e-08
4.029	        1.000e-08
4.031	        1.000e-08
4.032	        1.000e-08
4.033	        1.000e-08
4.035	        1.000e-08
4.036	        1.000e-08
4.037	        1.000e-08
4.039	        1.000e-08
4.040	        1.000e-08
4.042	        1.000e-08
4.043	        1.000e-08
4.044	        1.000e-08
4.046	        1.000e-08
4.047	        1.000e-08
4.048	        1.000e-08
4.050	        1.000e-08
4.051	        1.000e-08
4.052	        1.000e-08
4.054	        1.000e-08
4.055	        1.000e-08
4.056	        1.000e-08
4.058	        1.000e-08
4.059	        1.000e-08
4.060	        1.000e-08
4.062	        1.000e-08
4.063	        1.000e-08
4.065	        1.000e-08
4.066	        1.000e-08
4.067	        1.000e-08
4.069	        1.000e-08
4.070	        1.000e-08
4.071	        1.000e-08
4.073	        1.000e-08
4.074	        1.077e-08
4.075	        3.582e-08
4.077	        3.651e-08
4.078	        3.651e-08
4.079	        3.651e-08
4.081	        3.651e-08
4.082	        3.651e-08
4.083	        3.651e-08
4.085	        3.651e-08
4.086	        9.679e-08
4.087	        2.414e-07
4.089	        2.576e-07
4.090	        2.576e-07
4.092	        2.576e-07
4.093	        2.576e-07
4.094	        2.576e-07
4.096	        2.576e-07
4.097	        2.576e-07
4.098	        2.001e-07
4.100	        5.973e-07
4.101	        1.709e-06
4.102	        2.497e-06
4.104	        3.187e-06
4.105	        3.950e-06
4.106	        4.485e-06
4.108	        4.563e-06
4.109	        4.564e-06
4.110	        4.560e-06
4.112	        3.993e-06
4.113	        2.864e-06
4.114	        2.078e-06
4.116	        1.405e-06
4.117	        6.426e-07
4.119	        1.084e-07
4.120	        3.022e-08
4.121	        2.934e-08
4.123	        2.934e-08
4.124	        2.934e-08
4.125	        2.934e-08
4.127	        2.862e-08
4.128	        1.072e-08
4.129	        1.000e-08
4.131	        1.000e-08
4.132	        1.000e-08
4.133	        1.000e-08
4.135	        1.000e-08
4.136	        1.000e-08
4.137	        1.000e-08
4.139	        1.000e-08
4.140	        1.000e-08
4.142	        1.000e-08
4.143	        1.000e-08
4.144	        1.000e-08
4.146	        1.000e-08
4.147	        1.000e-08
4.148	        1.000e-08
4.150	        1.000e-08
4.151	        1.000e-08
4.152	        1.000e-08
4.154	        1.000e-08
4.155	        1.000e-08
4.156	        1.000e-08
4.158	        1.000e-08
4.159	        1.000e-08
4.160	        1.000e-08
4.162	        1.000e-08
4.163	        1.000e-08
4.164	        1.000e-08
4.166	        1.000e-08
4.167	        1.000e-08
4.169	        1.000e-08
4.170	        1.000e-08
4.171	        1.000e-08
4.173	        1.000e-08
4.174	        1.000e-08
4.175	        1.000e-08
4.177	        1.000e-08
4.178	        1.000e-08
4.179	        1.000e-08
4.181	        1.000e-08
4.182	        1.000e-08
4.183	        1.000e-08
4.185	        1.000e-08
4.186	        1.000e-08
4.187	        1.000e-08
4.189	        1.000e-08
4.190	        1.000e-08
4.192	        1.000e-08
4.193	        1.000e-08
4.194	        1.000e-08
4.196	        1.000e-08
4.197	        1.000e-08
4.198	        1.000e-08
4.200	        1.000e-08
4.201	        1.000e-08
4.202	        1.000e-08
4.204	        1.000e-08
4.205	        1.000e-08
4.206	        1.000e-08
4.208	        1.000e-08
4.209	        1.000e-08
4.210	        1.000e-08
4.212	        1.000e-08
4.213	        1.000e-08
4.214	        1.000e-08
4.216	        1.000e-08
4.217	        1.000e-08
4.219	        1.000e-08
4.220	        1.000e-08
4.221	        1.000e-08
4.223	        1.000e-08
4.224	        1.000e-08
4.225	        1.000e-08
4.227	        1.000e-08
4.228	        1.000e-08
4.229	        1.000e-08
4.231	        1.000e-08
4.232	        1.000e-08
4.233	        1.000e-08
4.235	        1.000e-08
4.236	        1.000e-08
4.237	        1.000e-08
4.239	        1.000e-08
4.240	        1.000e-08
4.242	        1.000e-08
4.243	        1.000e-08
4.244	        1.000e-08
4.246	        1.000e-08
4.247	        1.000e-08
4.248	        1.000e-08
4.250	        1.000e-08
4.251	        1.000e-08
4.252	        1.000e-08
4.254	        1.000e-08
4.255	        1.000e-08
4.256	        1.000e-08
4.258	        1.000e-08
4.259	        1.000e-08
4.260	        1.000e-08
4.262	        1.000e-08
4.263	        1.000e-08
4.264	        1.000e-08
4.266	        1.000e-08
4.267	        1.000e-08
4.269	        1.000e-08
4.270	        1.000e-08
4.271	        1.000e-08
4.273	        1.000e-08
4.274	        1.000e-08
4.275	        1.000e-08
4.277	        1.000e-08
4.278	        1.000e-08
4.279	        1.000e-08
4.281	        1.000e-08
4.282	        1.000e-08
4.283	        1.000e-08
4.285	        1.000e-08
4.286	        1.000e-08
4.287	        1.000e-08
4.289	        1.000e-08
4.290	        1.000e-08
4.292	        1.000e-08
4.293	        1.000e-08
4.294	        1.000e-08
4.296	        1.000e-08
4.297	        1.000e-08
4.298	        1.000e-08
4.300	        1.000e-08
4.301	        1.000e-08
4.302	        1.000e-08
4.304	        1.000e-08
4.305	        2.399e-08
4.306	        6.502e-07
4.308	        1.723e-06
4.309	        1.732e-06
4.310	        1.732e-06
4.312	        1.732e-06
4.313	        1.732e-06
4.314	        1.732e-06
4.316	        1.732e-06
4.317	        1.718e-06
4.319	        1.092e-06
4.320	        1.906e-08
4.321	        1.000e-08
4.323	        1.000e-08
4.324	        1.000e-08
4.325	        1.000e-08
4.327	        1.000e-08
4.328	        1.000e-08
4.329	        1.000e-08
4.331	        1.000e-08
4.332	        1.000e-08
4.333	        1.000e-08
4.335	        1.000e-08
4.336	        1.000e-08
4.337	        1.000e-08
4.339	        1.000e-08
4.340	        1.000e-08
4.342	        1.000e-08
4.343	        1.000e-08
4.344	        1.000e-08
4.346	        1.000e-08
4.347	        1.000e-08
4.348	        1.000e-08
4.350	        1.000e-08
4.351	        1.000e-08
4.352	        1.000e-08
4.354	        1.000e-08
4.355	        1.000e-08
4.356	        1.000e-08
4.358	        1.000e-08
4.359	        1.000e-08
4.360	        1.000e-08
4.362	        1.000e-08
4.363	        1.000e-08
4.364	        1.000e-08
4.366	        1.000e-08
4.367	        1.000e-08
4.369	        1.000e-08
4.370	        1.000e-08
4.371	        1.000e-08
4.373	        1.000e-08
4.374	        1.000e-08
4.375	        1.000e-08
4.377	        1.000e-08
4.378	        1.000e-08
4.379	        1.000e-08
4.381	        1.000e-08
4.382	        1.000e-08
4.383	        1.000e-08
4.385	        1.000e-08
4.386	        1.000e-08
4.387	        1.000e-08
4.389	        1.000e-08
4.390	        1.000e-08
4.392	        1.000e-08
4.393	        1.000e-08
4.394	        1.000e-08
4.396	        1.000e-08
4.397	        1.000e-08
4.398	        1.000e-08
4.400	        1.000e-08
4.401	        1.000e-08
4.402	        1.000e-08
4.404	        1.000e-08
4.405	        1.000e-08
4.406	        1.000e-08
4.408	        1.000e-08
4.409	        1.000e-08
4.410	        1.000e-08
4.412	        1.000e-08
4.413	        1.000e-08
4.414	        1.000e-08
4.416	        1.000e-08
4.417	        1.000e-08
4.419	        1.000e-08
4.420	        1.000e-08
4.421	        1.000e-08
4.423	        1.000e-08
4.424	        1.000e-08
4.425	        1.000e-08
4.427	        1.000e-08
4.428	        1.000e-08
4.429	        1.000e-08
4.431	        1.000e-08
4.432	        1.000e-08
4.433	        1.000e-08
4.435	        1.000e-08
4.436	        1.000e-08
4.437	        1.000e-08
4.439	        1.000e-08
4.440	        1.000e-08
4.441	        1.000e-08
4.443	        1.000e-08
4.444	        1.000e-08
4.446	        1.000e-08
4.447	        1.000e-08
4.448	        1.000e-08
4.450	        1.000e-08
4.451	        1.000e-08
4.452	        1.000e-08
4.454	        1.000e-08
4.455	        1.000e-08
4.456	        1.000e-08
4.458	        1.000e-08
4.459	        1.000e-08
4.460	        1.000e-08
4.462	        1.000e-08
4.463	        1.000e-08
4.464	        1.000e-08
4.466	        1.000e-08
4.467	        1.000e-08
4.469	        1.000e-08
4.470	        1.000e-08
4.471	        1.000e-08
4.473	        1.000e-08
4.474	        1.000e-08
4.475	        1.000e-08
4.477	        1.000e-08
4.478	        1.000e-08
4.479	        1.000e-08
4.481	        1.000e-08
4.482	        1.000e-08
4.483	        1.000e-08
4.485	        1.000e-08
4.486	        1.938e-08
4.487	        3.294e-07
4.489	        5.635e-07
4.490	        5.798e-07
4.491	        5.798e-07
4.493	        5.798e-07
4.494	        5.798e-07
4.496	        5.798e-07
4.497	        5.798e-07
4.498	        5.704e-07
4.500	        2.604e-07
4.501	        2.630e-08
4.502	        1.000e-08
4.504	        1.000e-08
4.505	        1.000e-08
4.506	        1.000e-08
4.508	        1.000e-08
4.509	        1.000e-08
4.510	        1.000e-08
4.512	        1.000e-08
4.513	        1.000e-08
4.514	        1.000e-08
4.516	        3.175e-08
4.517	        8.500e-08
4.519	        8.538e-08
4.520	        8.538e-08
4.521	        8.538e-08
4.523	        8.538e-08
4.524	        1.046e-07
4.525	        1.203e-07
4.527	        1.203e-07
4.528	        9.857e-08
4.529	        4.531e-08
4.531	        4.572e-08
4.532	        1.477e-07
4.533	        8.265e-07
4.535	        2.190e-06
4.536	        3.866e-06
4.537	        5.639e-06
4.539	        7.433e-06
4.540	        9.313e-06
4.541	        1.115e-05
4.543	        1.204e-05
4.544	        1.203e-05
4.546	        1.135e-05
4.547	        9.988e-06
4.548	        8.292e-06
4.550	        6.504e-06
4.551	        4.714e-06
4.552	        3.140e-06
4.554	        1.311e-06
4.555	        4.205e-07
4.556	        3.352e-07
4.558	        3.999e-07
4.559	        1.419e-06
4.560	        3.020e-06
4.562	        5.035e-06
4.563	        7.100e-06
4.564	        8.508e-06
4.566	        8.940e-06
4.567	        8.978e-06
4.569	        8.978e-06
4.570	        8.919e-06
4.571	        7.991e-06
4.573	        6.808e-06
4.574	        5.730e-06
4.575	        5.084e-06
4.577	        4.871e-06
4.578	        5.660e-06
4.579	        7.031e-06
4.581	        9.220e-06
4.582	        1.162e-05
4.583	        1.323e-05
4.585	        1.355e-05
4.586	        1.263e-05
4.587	        1.120e-05
4.589	        9.703e-06
4.590	        8.538e-06
4.591	        7.961e-06
4.593	        7.752e-06
4.594	        6.975e-06
4.596	        5.433e-06
4.597	        4.688e-06
4.598	        4.680e-06
4.600	        4.680e-06
4.601	        4.680e-06
4.602	        4.656e-06
4.604	        3.904e-06
4.605	        1.925e-06
4.606	        2.858e-07
4.608	        1.331e-07
4.609	        1.329e-07
4.610	        1.329e-07
4.612	        1.329e-07
4.613	        1.329e-07
4.614	        9.015e-08
4.616	        1.050e-08
4.617	        1.000e-08
4.619	        1.000e-08
4.620	        1.000e-08
4.621	        1.000e-08
4.623	        1.000e-08
4.624	        1.000e-08
4.625	        1.000e-08
4.627	        1.000e-08
4.628	        1.000e-08
4.629	        1.000e-08
4.631	        1.000e-08
4.632	        1.000e-08
4.633	        1.000e-08
4.635	        1.000e-08
4.636	        1.000e-08
4.637	        1.000e-08
4.639	        1.000e-08
4.640	        1.000e-08
4.641	        1.000e-08
4.643	        1.000e-08
4.644	        1.000e-08
4.646	        1.000e-08
4.647	        1.000e-08
4.648	        1.000e-08
4.650	        1.000e-08
4.651	        1.000e-08
4.652	        1.000e-08
4.654	        1.000e-08
4.655	        1.000e-08
4.656	        1.000e-08
4.658	        1.288e-08
4.659	        5.247e-08
4.660	        5.539e-08
4.662	        5.539e-08
4.663	        5.539e-08
4.664	        5.539e-08
4.666	        5.539e-08
4.667	        5.539e-08
4.669	        5.539e-08
4.670	        5.251e-08
4.671	        1.292e-08
4.673	        1.000e-08
4.674	        1.000e-08
4.675	        1.000e-08
4.677	        1.000e-08
4.678	        1.000e-08
4.679	        1.000e-08
4.681	        1.000e-08
4.682	        1.000e-08
4.683	        1.000e-08
4.685	        1.000e-08
4.686	        1.000e-08
4.687	        1.000e-08
4.689	        1.000e-08
4.690	        1.000e-08
4.691	        1.000e-08
4.693	        1.000e-08
4.694	        1.000e-08
4.696	        1.000e-08
4.697	        1.000e-08
4.698	        1.000e-08
4.700	        1.145e-08
4.701	        9.396e-08
4.702	        5.176e-07
4.704	        1.317e-06
4.705	        2.372e-06
4.706	        3.536e-06
4.708	        4.601e-06
4.709	        4.757e-06
4.710	        4.808e-06
4.712	        4.950e-06
4.713	        5.239e-06
4.714	        5.521e-06
4.716	        4.973e-06
4.717	        4.049e-06
4.719	        2.979e-06
4.720	        2.355e-06
4.721	        3.528e-06
4.723	        5.154e-06
4.724	        6.900e-06
4.725	        8.632e-06
4.727	        1.050e-05
4.728	        1.340e-05
4.729	        1.708e-05
4.731	        2.110e-05
4.732	        2.481e-05
4.733	        2.728e-05
4.735	        2.931e-05
4.736	        3.120e-05
4.737	        3.337e-05
4.739	        3.497e-05
4.740	        3.550e-05
4.741	        3.373e-05
4.743	        2.991e-05
4.744	        2.576e-05
4.746	        2.196e-05
4.747	        1.825e-05
4.748	        1.447e-05
4.750	        1.021e-05
4.751	        6.920e-06
4.752	        4.519e-06
4.754	        3.697e-06
4.755	        4.630e-06
4.756	        6.291e-06
4.758	        8.869e-06
4.759	        1.166e-05
4.760	        1.446e-05
4.762	        1.697e-05
4.763	        1.870e-05
4.764	        2.026e-05
4.766	        2.229e-05
4.767	        2.466e-05
4.768	        2.681e-05
4.770	        2.756e-05
4.771	        2.747e-05
4.773	        2.664e-05
4.774	        2.593e-05
4.775	        2.521e-05
4.777	        2.450e-05
4.778	        2.342e-05
4.779	        2.181e-05
4.781	        1.960e-05
4.782	        1.737e-05
4.783	        1.499e-05
4.785	        1.319e-05
4.786	        1.150e-05
4.787	        1.003e-05
4.789	        9.035e-06
4.790	        7.570e-06
4.791	        5.649e-06
4.793	        4.043e-06
4.794	        3.017e-06
4.796	        3.971e-06
4.797	        5.413e-06
4.798	        5.950e-06
4.800	        5.674e-06
4.801	        4.556e-06
4.802	        3.846e-06
4.804	        3.788e-06
4.805	        3.788e-06
4.806	        3.723e-06
4.808	        2.437e-06
4.809	        8.316e-07
4.810	        1.688e-07
4.812	        1.630e-08
4.813	        1.000e-08
4.814	        1.000e-08
4.816	        1.000e-08
4.817	        1.000e-08
4.818	        1.000e-08
4.820	        1.000e-08
4.821	        1.000e-08
4.823	        1.000e-08
4.824	        1.000e-08
4.825	        1.000e-08
4.827	        1.000e-08
4.828	        1.000e-08
4.829	        1.000e-08
4.831	        1.000e-08
4.832	        1.000e-08
4.833	        1.000e-08
4.835	        1.000e-08
4.836	        1.000e-08
4.837	        1.000e-08
4.839	        1.000e-08
4.840	        1.000e-08
4.841	        1.000e-08
4.843	        1.000e-08
4.844	        1.000e-08
4.846	        1.000e-08
4.847	        1.000e-08
4.848	        1.000e-08
4.850	        1.000e-08
4.851	        1.000e-08
4.852	        1.000e-08
4.854	        1.000e-08
4.855	        1.000e-08
4.856	        1.000e-08
4.858	        1.000e-08
4.859	        1.000e-08
4.860	        1.000e-08
4.862	        1.000e-08
4.863	        1.000e-08
4.864	        1.000e-08
4.866	        1.000e-08
4.867	        1.000e-08
4.868	        1.000e-08
4.870	        1.000e-08
4.871	        1.000e-08
4.873	        1.000e-08
4.874	        1.000e-08
4.875	        1.000e-08
4.877	        1.000e-08
4.878	        1.000e-08
4.879	        1.000e-08
4.881	        1.000e-08
4.882	        1.000e-08
4.883	        1.000e-08
4.885	        1.000e-08
4.886	        1.000e-08
4.887	        1.000e-08
4.889	        1.000e-08
4.890	        1.000e-08
4.891	        1.000e-08
4.893	        1.000e-08
4.894	        1.000e-08
4.896	        1.000e-08
4.897	        1.000e-08
4.898	        1.000e-08
4.900	        1.000e-08
4.901	        1.000e-08
4.902	        1.000e-08
4.904	        1.000e-08
4.905	        1.000e-08
4.906	        1.000e-08
4.908	        1.000e-08
4.909	        1.000e-08
4.910	        1.000e-08
4.912	        1.000e-08
4.913	        1.000e-08
4.914	        1.000e-08
4.916	        1.000e-08
4.917	        1.000e-08
4.918	        1.000e-08
4.920	        1.000e-08
4.921	        1.000e-08
4.923	        1.000e-08
4.924	        1.000e-08
4.925	        1.000e-08
4.927	        1.000e-08
4.928	        1.000e-08
4.929	        1.000e-08
4.931	        1.000e-08
4.932	        1.000e-08
4.933	        1.000e-08
4.935	        1.000e-08
4.936	        1.000e-08
4.937	        1.000e-08
4.939	        1.000e-08
4.940	        1.000e-08
4.941	        1.000e-08
4.943	        1.000e-08
4.944	        1.000e-08
4.946	        1.000e-08
4.947	        1.000e-08
4.948	        1.000e-08
4.950	        1.000e-08
4.951	        1.000e-08
4.952	        1.000e-08
4.954	        1.000e-08
4.955	        1.000e-08
4.956	        1.000e-08
4.958	        1.000e-08
4.959	        1.000e-08
4.960	        1.000e-08
4.962	        1.000e-08
4.963	        1.000e-08
4.964	        1.000e-08
4.966	        1.000e-08
4.967	        1.000e-08
4.968	        1.000e-08
4.970	        1.000e-08
4.971	        1.000e-08
4.973	        1.000e-08
4.974	        1.000e-08
4.975	        1.000e-08
4.977	        1.000e-08
4.978	        1.000e-08
4.979	        1.000e-08
4.981	        1.000e-08
4.982	        1.000e-08
4.983	        1.000e-08
4.985	        1.000e-08
4.986	        1.000e-08
4.987	        1.000e-08
4.989	        1.000e-08
4.990	        1.000e-08
4.991	        1.000e-08
4.993	        1.000e-08
4.994	        1.000e-08
4.996	        1.000e-08
4.997	        1.000e-08
4.998	        1.000e-08
5.000	        1.000e-08
5.001	        1.000e-08
5.002	        1.000e-08
5.004	        1.000e-08
5.005	        1.000e-08
5.006	        1.000e-08
5.008	        1.000e-08
5.009	        1.000e-08
5.010	        1.000e-08
5.012	        1.000e-08
5.013	        1.000e-08
5.014	        1.000e-08
5.016	        1.000e-08
5.017	        1.000e-08
5.018	        1.000e-08
5.020	        1.000e-08
5.021	        1.000e-08
5.023	        1.000e-08
5.024	        1.000e-08
5.025	        1.000e-08
5.027	        1.000e-08
5.028	        1.000e-08
5.029	        1.000e-08
5.031	        1.000e-08
5.032	        1.000e-08
5.033	        1.000e-08
5.035	        1.000e-08
5.036	        1.000e-08
5.037	        1.000e-08
5.039	        1.000e-08
5.040	        1.000e-08
5.041	        1.000e-08
5.043	        1.000e-08
5.044	        1.000e-08
5.045	        1.000e-08
5.047	        1.000e-08
5.048	        1.000e-08
5.050	        1.000e-08
5.051	        1.000e-08
5.052	        1.000e-08
5.054	        1.000e-08
5.055	        1.000e-08
5.056	        1.000e-08
5.058	        1.000e-08
5.059	        1.000e-08
5.060	        1.000e-08
5.062	        1.000e-08
5.063	        1.000e-08
5.064	        1.000e-08
5.066	        1.000e-08
5.067	        1.000e-08
5.068	        1.000e-08
5.070	        1.000e-08
5.071	        1.000e-08
5.073	        1.000e-08
5.074	        1.000e-08
5.075	        1.000e-08
5.077	        1.000e-08
5.078	        1.000e-08
5.079	        1.000e-08
5.081	        1.000e-08
5.082	        1.000e-08
5.083	        1.000e-08
5.085	        1.000e-08
5.086	        1.000e-08
5.087	        1.000e-08
5.089	        1.000e-08
5.090	        1.000e-08
5.091	        1.000e-08
5.093	        1.000e-08
5.094	        1.000e-08
5.095	        1.000e-08
5.097	        1.000e-08
5.098	        1.000e-08
5.100	        1.000e-08
5.101	        1.000e-08
5.102	        1.000e-08
5.104	        1.000e-08
5.105	        1.000e-08
5.106	        1.000e-08
5.108	        1.000e-08
5.109	        1.000e-08
5.110	        1.000e-08
5.112	        1.000e-08
5.113	        1.000e-08
5.114	        1.000e-08
5.116	        1.000e-08
5.117	        1.000e-08
5.118	        1.000e-08
5.120	        1.000e-08
5.121	        1.000e-08
5.123	        1.000e-08
5.124	        1.000e-08
5.125	        1.000e-08
5.127	        1.000e-08
5.128	        1.000e-08
5.129	        1.000e-08
5.131	        1.000e-08
5.132	        1.000e-08
5.133	        1.000e-08
5.135	        1.000e-08
5.136	        1.000e-08
5.137	        1.000e-08
5.139	        1.000e-08
5.140	        1.000e-08
5.141	        1.000e-08
5.143	        1.000e-08
5.144	        1.000e-08
5.145	        1.000e-08
5.147	        1.000e-08
5.148	        1.000e-08
5.150	        1.000e-08
5.151	        1.000e-08
5.152	        1.000e-08
5.154	        1.000e-08
5.155	        1.000e-08
5.156	        1.000e-08
5.158	        1.000e-08
5.159	        1.000e-08
5.160	        1.000e-08
5.162	        1.000e-08
5.163	        1.000e-08
5.164	        1.000e-08
5.166	        1.000e-08
5.167	        1.000e-08
5.168	        1.000e-08
5.170	        1.000e-08
5.171	        1.000e-08
5.173	        1.000e-08
5.174	        1.000e-08
5.175	        1.000e-08
5.177	        1.000e-08
5.178	        1.000e-08
5.179	        1.000e-08
5.181	        1.000e-08
5.182	        1.000e-08
5.183	        1.000e-08
5.185	        1.000e-08
5.186	        1.000e-08
5.187	        1.000e-08
5.189	        1.000e-08
5.190	        1.000e-08
5.191	        1.000e-08
5.193	        1.000e-08
5.194	        1.000e-08
5.195	        1.000e-08
5.197	        1.000e-08
5.198	        1.000e-08
5.200	        1.000e-08
5.201	        1.000e-08
5.202	        1.000e-08
5.204	        1.000e-08
5.205	        1.000e-08
5.206	        1.000e-08
5.208	        1.000e-08
5.209	        1.000e-08
5.210	        1.000e-08
5.212	        1.000e-08
5.213	        1.000e-08
5.214	        1.000e-08
5.216	        1.000e-08
5.217	        1.000e-08
5.218	        1.000e-08
5.220	        1.000e-08
5.221	        1.000e-08
5.223	        1.000e-08
5.224	        1.000e-08
5.225	        1.000e-08
5.227	        1.000e-08
5.228	        1.000e-08
5.229	        1.000e-08
5.231	        1.000e-08
5.232	        1.000e-08
5.233	        1.000e-08
5.235	        1.000e-08
5.236	        1.000e-08
5.237	        1.000e-08
5.239	        1.000e-08
5.240	        1.000e-08
5.241	        1.000e-08
5.243	        1.000e-08
5.244	        1.000e-08
5.245	        1.000e-08
5.247	        1.000e-08
5.248	        1.000e-08
5.250	        1.000e-08
5.251	        1.000e-08
5.252	        1.000e-08
5.254	        1.000e-08
5.255	        1.000e-08
5.256	        1.000e-08
5.258	        1.000e-08
5.259	        1.000e-08
5.260	        1.000e-08
5.262	        1.000e-08
5.263	        1.000e-08
5.264	        1.000e-08
5.266	        1.000e-08
5.267	        1.000e-08
5.268	        1.000e-08
5.270	        1.000e-08
5.271	        1.000e-08
5.273	        1.000e-08
5.274	        1.000e-08
5.275	        1.000e-08
5.277	        1.000e-08
5.278	        1.000e-08
5.279	        1.000e-08
5.281	        1.000e-08
5.282	        1.000e-08
5.283	        1.000e-08
5.285	        1.000e-08
5.286	        1.000e-08
5.287	        1.000e-08
5.289	        1.000e-08
5.290	        1.000e-08
5.291	        1.000e-08
5.293	        1.000e-08
5.294	        1.000e-08
5.295	        1.000e-08
5.297	        1.000e-08
5.298	        1.000e-08
5.300	        1.000e-08
5.301	        1.000e-08
5.302	        1.000e-08
5.304	        1.000e-08
5.305	        1.000e-08
5.306	        1.000e-08
5.308	        1.000e-08
5.309	        1.000e-08
5.310	        3.555e-08
5.312	        2.043e-06
5.313	        1.168e-05
5.314	        2.737e-05
5.316	        4.952e-05
5.317	        7.890e-05
5.318	        1.162e-04
5.320	        1.624e-04
5.321	        2.182e-04
5.323	        2.845e-04
5.324	        3.605e-04
5.325	        4.418e-04
5.327	        5.327e-04
5.328	        6.358e-04
5.329	        7.556e-04
5.331	        8.979e-04
5.332	        1.067e-03
5.333	        1.267e-03
5.335	        1.493e-03
5.336	        1.733e-03
5.337	        1.966e-03
5.339	        2.164e-03
5.340	        2.306e-03
5.341	        2.369e-03
5.343	        2.350e-03
5.344	        2.248e-03
5.345	        2.071e-03
5.347	        1.833e-03
5.348	        1.553e-03
5.350	        1.258e-03
5.351	        9.749e-04
5.352	        7.243e-04
5.354	        5.238e-04
5.355	        3.716e-04
5.356	        2.654e-04
5.358	        1.918e-04
5.359	        1.413e-04
5.360	        1.065e-04
5.362	        8.132e-05
5.363	        6.274e-05
5.364	        4.883e-05
5.366	        3.861e-05
5.367	        3.124e-05
5.368	        2.662e-05
5.370	        2.416e-05
5.371	        2.285e-05
5.372	        2.190e-05
5.374	        2.077e-05
5.375	        1.992e-05
5.377	        1.925e-05
5.378	        1.859e-05
5.379	        1.723e-05
5.381	        1.527e-05
5.382	        1.254e-05
5.383	        9.682e-06
5.385	        6.806e-06
5.386	        4.449e-06
5.387	        2.604e-06
5.389	        1.192e-06
5.390	        1.176e-07
5.391	        1.287e-08
5.393	        1.000e-08
5.394	        1.000e-08
5.395	        1.000e-08
5.397	        1.000e-08
5.398	        1.000e-08
5.400	        1.000e-08
5.401	        1.000e-08
5.402	        1.000e-08
5.404	        1.000e-08
5.405	        1.000e-08
5.406	        1.000e-08
5.408	        1.000e-08
5.409	        1.000e-08
5.410	        1.000e-08
5.412	        1.000e-08
5.413	        1.000e-08
5.414	        1.000e-08
5.416	        1.000e-08
5.417	        1.000e-08
5.418	        1.000e-08
5.420	        1.000e-08
5.421	        1.000e-08
5.422	        1.000e-08
5.424	        1.000e-08
5.425	        1.000e-08
5.427	        1.000e-08
5.428	        1.000e-08
5.429	        1.000e-08
5.431	        1.000e-08
5.432	        1.000e-08
5.433	        1.000e-08
5.435	        1.000e-08
5.436	        1.000e-08
5.437	        1.000e-08
5.439	        1.000e-08
5.440	        1.000e-08
5.441	        1.000e-08
5.443	        1.000e-08
5.444	        1.000e-08
5.445	        1.000e-08
5.447	        1.000e-08
5.448	        1.000e-08
5.450	        1.117e-08
5.451	        3.910e-08
5.452	        2.035e-07
5.454	        2.154e-07
5.455	        2.154e-07
5.456	        2.154e-07
5.458	        2.154e-07
5.459	        2.154e-07
5.460	        2.154e-07
5.462	        2.143e-07
5.463	        1.863e-07
5.464	        2.192e-08
5.466	        1.000e-08
5.467	        1.000e-08
5.468	        1.000e-08
5.470	        1.000e-08
5.471	        1.000e-08
5.472	        1.000e-08
5.474	        1.000e-08
5.475	        1.000e-08
5.477	        1.000e-08
5.478	        1.000e-08
5.479	        1.000e-08
5.481	        1.000e-08
5.482	        1.000e-08
5.483	        1.000e-08
5.485	        1.000e-08
5.486	        1.000e-08
5.487	        1.416e-08
5.489	        1.418e-07
5.490	        1.367e-06
5.491	        3.151e-06
5.493	        5.534e-06
5.494	        7.674e-06
5.495	        9.601e-06
5.497	        1.158e-05
5.498	        1.361e-05
5.500	        1.549e-05
5.501	        1.707e-05
5.502	        1.601e-05
5.504	        1.423e-05
5.505	        1.184e-05
5.506	        9.704e-06
5.508	        7.776e-06
5.509	        5.799e-06
5.510	        3.770e-06
5.512	        1.932e-06
5.513	        1.118e-06
5.514	        2.245e-06
5.516	        4.073e-06
5.517	        6.167e-06
5.518	        8.468e-06
5.520	        1.040e-05
5.521	        1.182e-05
5.522	        1.305e-05
5.524	        1.430e-05
5.525	        1.464e-05
5.527	        1.436e-05
5.528	        1.311e-05
5.529	        1.104e-05
5.531	        8.740e-06
5.532	        6.809e-06
5.533	        5.390e-06
5.535	        4.165e-06
5.536	        3.197e-06
5.537	        3.407e-06
5.539	        4.077e-06
5.540	        5.407e-06
5.541	        7.487e-06
5.543	        9.757e-06
5.544	        1.193e-05
5.545	        1.400e-05
5.547	        1.535e-05
5.548	        1.592e-05
5.550	        1.530e-05
5.551	        1.448e-05
5.552	        1.360e-05
5.554	        1.286e-05
5.555	        1.235e-05
5.556	        1.237e-05
5.558	        1.297e-05
5.559	        1.456e-05
5.560	        1.696e-05
5.562	        1.880e-05
5.563	        2.006e-05
5.564	        2.129e-05
5.566	        2.260e-05
5.567	        2.447e-05
5.568	        2.789e-05
5.570	        3.317e-05
5.571	        3.949e-05
5.572	        4.697e-05
5.574	        5.588e-05
5.575	        6.620e-05
5.577	        7.745e-05
5.578	        8.949e-05
5.579	        1.014e-04
5.581	        1.120e-04
5.582	        1.210e-04
5.583	        1.297e-04
5.585	        1.382e-04
5.586	        1.478e-04
5.587	        1.587e-04
5.589	        1.705e-04
5.590	        1.835e-04
5.591	        1.985e-04
5.593	        2.163e-04
5.594	        2.375e-04
5.595	        2.622e-04
5.597	        2.908e-04
5.598	        3.224e-04
5.600	        3.574e-04
5.601	        3.914e-04
5.602	        4.316e-04
5.604	        4.770e-04
5.605	        5.252e-04
