# JWST NIRCAM preliminary Filter transmission curve
# http://www.stsci.edu/jwst/instruments/nircam/instrumentdesign/filters
# retrieved 2014.09.09 by S.Rodney
# Microns	Transmission
3.000	        1.012e-04
3.001	        1.032e-04
3.002	        1.049e-04
3.004	        1.038e-04
3.005	        1.095e-04
3.006	        1.197e-04
3.008	        1.303e-04
3.009	        1.398e-04
3.011	        1.503e-04
3.012	        1.556e-04
3.013	        1.529e-04
3.015	        1.485e-04
3.016	        1.468e-04
3.017	        1.473e-04
3.019	        1.495e-04
3.020	        1.578e-04
3.021	        1.665e-04
3.023	        1.725e-04
3.024	        1.759e-04
3.025	        1.803e-04
3.027	        1.871e-04
3.028	        1.984e-04
3.029	        2.132e-04
3.031	        2.298e-04
3.032	        2.472e-04
3.034	        2.615e-04
3.035	        2.722e-04
3.036	        2.837e-04
3.038	        2.990e-04
3.039	        3.161e-04
3.040	        3.366e-04
3.042	        3.573e-04
3.043	        3.816e-04
3.044	        4.079e-04
3.046	        4.320e-04
3.047	        4.567e-04
3.048	        4.858e-04
3.050	        5.165e-04
3.051	        5.454e-04
3.052	        5.787e-04
3.054	        6.192e-04
3.055	        6.651e-04
3.056	        7.168e-04
3.058	        7.776e-04
3.059	        8.425e-04
3.061	        9.072e-04
3.062	        9.741e-04
3.063	        1.037e-03
3.065	        1.099e-03
3.066	        1.165e-03
3.067	        1.236e-03
3.069	        1.315e-03
3.070	        1.402e-03
3.071	        1.490e-03
3.073	        1.582e-03
3.074	        1.680e-03
3.075	        1.780e-03
3.077	        1.884e-03
3.078	        1.995e-03
3.079	        2.113e-03
3.081	        2.240e-03
3.082	        2.371e-03
3.084	        2.509e-03
3.085	        2.660e-03
3.086	        2.820e-03
3.088	        2.990e-03
3.089	        3.174e-03
3.090	        3.372e-03
3.092	        3.585e-03
3.093	        3.814e-03
3.094	        4.065e-03
3.096	        4.334e-03
3.097	        4.623e-03
3.098	        4.933e-03
3.100	        5.268e-03
3.101	        5.633e-03
3.102	        6.034e-03
3.104	        6.476e-03
3.105	        6.968e-03
3.106	        7.507e-03
3.108	        8.103e-03
3.109	        8.761e-03
3.111	        9.490e-03
3.112	        1.030e-02
3.113	        1.120e-02
3.115	        1.220e-02
3.116	        1.333e-02
3.117	        1.458e-02
3.119	        1.598e-02
3.120	        1.756e-02
3.121	        1.933e-02
3.123	        2.133e-02
3.124	        2.358e-02
3.125	        2.613e-02
3.127	        2.900e-02
3.128	        3.226e-02
3.129	        3.593e-02
3.131	        4.010e-02
3.132	        4.484e-02
3.134	        5.022e-02
3.135	        5.632e-02
3.136	        6.326e-02
3.138	        7.113e-02
3.139	        8.005e-02
3.140	        9.013e-02
3.142	        1.015e-01
3.143	        1.143e-01
3.144	        1.286e-01
3.146	        1.446e-01
3.147	        1.624e-01
3.148	        1.820e-01
3.150	        2.034e-01
3.151	        2.266e-01
3.152	        2.516e-01
3.154	        2.782e-01
3.155	        3.061e-01
3.156	        3.351e-01
3.158	        3.649e-01
3.159	        3.950e-01
3.161	        4.251e-01
3.162	        4.548e-01
3.163	        4.835e-01
3.165	        5.111e-01
3.166	        5.373e-01
3.167	        5.618e-01
3.169	        5.845e-01
3.170	        6.054e-01
3.171	        6.246e-01
3.173	        6.421e-01
3.174	        6.580e-01
3.175	        6.725e-01
3.177	        6.859e-01
3.178	        6.981e-01
3.179	        7.095e-01
3.181	        7.201e-01
3.182	        7.302e-01
3.184	        7.397e-01
3.185	        7.489e-01
3.186	        7.577e-01
3.188	        7.662e-01
3.189	        7.745e-01
3.190	        7.826e-01
3.192	        7.904e-01
3.193	        7.981e-01
3.194	        8.055e-01
3.196	        8.127e-01
3.197	        8.196e-01
3.198	        8.262e-01
3.200	        8.325e-01
3.201	        8.386e-01
3.202	        8.442e-01
3.204	        8.496e-01
3.205	        8.545e-01
3.206	        8.591e-01
3.208	        8.634e-01
3.209	        8.672e-01
3.211	        8.707e-01
3.212	        8.739e-01
3.213	        8.767e-01
3.215	        8.792e-01
3.216	        8.814e-01
3.217	        8.833e-01
3.219	        8.850e-01
3.220	        8.864e-01
3.221	        8.877e-01
3.223	        8.888e-01
3.224	        8.897e-01
3.225	        8.905e-01
3.227	        8.911e-01
3.228	        8.917e-01
3.229	        8.922e-01
3.231	        8.926e-01
3.232	        8.930e-01
3.233	        8.933e-01
3.235	        8.936e-01
3.236	        8.939e-01
3.238	        8.942e-01
3.239	        8.945e-01
3.240	        8.948e-01
3.242	        8.951e-01
3.243	        8.953e-01
3.244	        8.956e-01
3.246	        8.959e-01
3.247	        8.962e-01
3.248	        8.964e-01
3.250	        8.966e-01
3.251	        8.968e-01
3.252	        8.970e-01
3.254	        8.972e-01
3.255	        8.974e-01
3.256	        8.976e-01
3.258	        8.977e-01
3.259	        8.978e-01
3.261	        8.979e-01
3.262	        8.980e-01
3.263	        8.980e-01
3.265	        8.980e-01
3.266	        8.980e-01
3.267	        8.979e-01
3.269	        8.979e-01
3.270	        8.978e-01
3.271	        8.977e-01
3.273	        8.975e-01
3.274	        8.974e-01
3.275	        8.972e-01
3.277	        8.970e-01
3.278	        8.968e-01
3.279	        8.966e-01
3.281	        8.964e-01
3.282	        8.961e-01
3.283	        8.959e-01
3.285	        8.957e-01
3.286	        8.954e-01
3.288	        8.952e-01
3.289	        8.949e-01
3.290	        8.947e-01
3.292	        8.945e-01
3.293	        8.942e-01
3.294	        8.940e-01
3.296	        8.938e-01
3.297	        8.936e-01
3.298	        8.934e-01
3.300	        8.932e-01
3.301	        8.930e-01
3.302	        8.927e-01
3.304	        8.925e-01
3.305	        8.923e-01
3.306	        8.921e-01
3.308	        8.920e-01
3.309	        8.918e-01
3.311	        8.916e-01
3.312	        8.915e-01
3.313	        8.914e-01
3.315	        8.912e-01
3.316	        8.911e-01
3.317	        8.910e-01
3.319	        8.909e-01
3.320	        8.908e-01
3.321	        8.907e-01
3.323	        8.906e-01
3.324	        8.906e-01
3.325	        8.905e-01
3.327	        8.905e-01
3.328	        8.905e-01
3.329	        8.905e-01
3.331	        8.905e-01
3.332	        8.905e-01
3.333	        8.905e-01
3.335	        8.906e-01
3.336	        8.907e-01
3.338	        8.907e-01
3.339	        8.908e-01
3.340	        8.910e-01
3.342	        8.911e-01
3.343	        8.912e-01
3.344	        8.913e-01
3.346	        8.914e-01
3.347	        8.916e-01
3.348	        8.917e-01
3.350	        8.919e-01
3.351	        8.920e-01
3.352	        8.921e-01
3.354	        8.922e-01
3.355	        8.924e-01
3.356	        8.925e-01
3.358	        8.926e-01
3.359	        8.927e-01
3.361	        8.928e-01
3.362	        8.928e-01
3.363	        8.929e-01
3.365	        8.929e-01
3.366	        8.929e-01
3.367	        8.929e-01
3.369	        8.929e-01
3.370	        8.929e-01
3.371	        8.929e-01
3.373	        8.929e-01
3.374	        8.929e-01
3.375	        8.928e-01
3.377	        8.928e-01
3.378	        8.927e-01
3.379	        8.927e-01
3.381	        8.927e-01
3.382	        8.927e-01
3.383	        8.927e-01
3.385	        8.927e-01
3.386	        8.928e-01
3.388	        8.928e-01
3.389	        8.928e-01
3.390	        8.929e-01
3.392	        8.930e-01
3.393	        8.931e-01
3.394	        8.932e-01
3.396	        8.933e-01
3.397	        8.935e-01
3.398	        8.936e-01
3.400	        8.938e-01
3.401	        8.940e-01
3.402	        8.942e-01
3.404	        8.944e-01
3.405	        8.946e-01
3.406	        8.948e-01
3.408	        8.950e-01
3.409	        8.953e-01
3.411	        8.955e-01
3.412	        8.957e-01
3.413	        8.959e-01
3.415	        8.960e-01
3.416	        8.962e-01
3.417	        8.963e-01
3.419	        8.964e-01
3.420	        8.964e-01
3.421	        8.963e-01
3.423	        8.962e-01
3.424	        8.961e-01
3.425	        8.958e-01
3.427	        8.955e-01
3.428	        8.952e-01
3.429	        8.948e-01
3.431	        8.944e-01
3.432	        8.939e-01
3.433	        8.934e-01
3.435	        8.927e-01
3.436	        8.920e-01
3.438	        8.912e-01
3.439	        8.903e-01
3.440	        8.894e-01
3.442	        8.884e-01
3.443	        8.875e-01
3.444	        8.865e-01
3.446	        8.855e-01
3.447	        8.845e-01
3.448	        8.836e-01
3.450	        8.827e-01
3.451	        8.818e-01
3.452	        8.810e-01
3.454	        8.803e-01
3.455	        8.797e-01
3.456	        8.792e-01
3.458	        8.788e-01
3.459	        8.786e-01
3.461	        8.785e-01
3.462	        8.786e-01
3.463	        8.788e-01
3.465	        8.793e-01
3.466	        8.799e-01
3.467	        8.807e-01
3.469	        8.816e-01
3.470	        8.828e-01
3.471	        8.841e-01
3.473	        8.856e-01
3.474	        8.872e-01
3.475	        8.890e-01
3.477	        8.908e-01
3.478	        8.928e-01
3.479	        8.947e-01
3.481	        8.967e-01
3.482	        8.986e-01
3.483	        9.005e-01
3.485	        9.021e-01
3.486	        9.035e-01
3.488	        9.046e-01
3.489	        9.053e-01
3.490	        9.055e-01
3.492	        9.051e-01
3.493	        9.041e-01
3.494	        9.024e-01
3.496	        8.999e-01
3.497	        8.964e-01
3.498	        8.919e-01
3.500	        8.863e-01
3.501	        8.796e-01
3.502	        8.717e-01
3.504	        8.626e-01
3.505	        8.523e-01
3.506	        8.407e-01
3.508	        8.279e-01
3.509	        8.139e-01
3.510	        7.986e-01
3.512	        7.823e-01
3.513	        7.649e-01
3.515	        7.467e-01
3.516	        7.276e-01
3.517	        7.079e-01
3.519	        6.876e-01
3.520	        6.669e-01
3.521	        6.458e-01
3.523	        6.244e-01
3.524	        6.030e-01
3.525	        5.816e-01
3.527	        5.603e-01
3.528	        5.392e-01
3.529	        5.184e-01
3.531	        4.980e-01
3.532	        4.780e-01
3.533	        4.585e-01
3.535	        4.395e-01
3.536	        4.212e-01
3.538	        4.034e-01
3.539	        3.862e-01
3.540	        3.696e-01
3.542	        3.536e-01
3.543	        3.383e-01
3.544	        3.235e-01
3.546	        3.094e-01
3.547	        2.958e-01
3.548	        2.828e-01
3.550	        2.704e-01
3.551	        2.584e-01
3.552	        2.470e-01
3.554	        2.361e-01
3.555	        2.256e-01
3.556	        2.155e-01
3.558	        2.059e-01
3.559	        1.966e-01
3.560	        1.877e-01
3.562	        1.792e-01
3.563	        1.710e-01
3.565	        1.632e-01
3.566	        1.556e-01
3.567	        1.484e-01
3.569	        1.414e-01
3.570	        1.346e-01
3.571	        1.282e-01
3.573	        1.220e-01
3.574	        1.160e-01
3.575	        1.103e-01
3.577	        1.047e-01
3.578	        9.943e-02
3.579	        9.433e-02
3.581	        8.945e-02
3.582	        8.477e-02
3.583	        8.029e-02
3.585	        7.600e-02
3.586	        7.191e-02
3.588	        6.800e-02
3.589	        6.427e-02
3.590	        6.071e-02
3.592	        5.732e-02
3.593	        5.411e-02
3.594	        5.105e-02
3.596	        4.816e-02
3.597	        4.541e-02
3.598	        4.282e-02
3.600	        4.036e-02
3.601	        3.804e-02
3.602	        3.584e-02
3.604	        3.377e-02
3.605	        3.182e-02
3.606	        2.999e-02
3.608	        2.826e-02
3.609	        2.664e-02
3.610	        2.512e-02
3.612	        2.369e-02
3.613	        2.235e-02
3.615	        2.109e-02
3.616	        1.990e-02
3.617	        1.879e-02
3.619	        1.774e-02
3.620	        1.677e-02
3.621	        1.586e-02
3.623	        1.500e-02
3.624	        1.419e-02
3.625	        1.344e-02
3.627	        1.274e-02
3.628	        1.208e-02
3.629	        1.146e-02
3.631	        1.088e-02
3.632	        1.033e-02
3.633	        9.822e-03
3.635	        9.339e-03
3.636	        8.885e-03
3.638	        8.460e-03
3.639	        8.061e-03
3.640	        7.690e-03
3.642	        7.345e-03
3.643	        7.022e-03
3.644	        6.716e-03
3.646	        6.430e-03
3.647	        6.161e-03
3.648	        5.904e-03
3.650	        5.660e-03
3.651	        5.429e-03
3.652	        5.210e-03
3.654	        5.005e-03
3.655	        4.815e-03
3.656	        4.638e-03
3.658	        4.470e-03
3.659	        4.310e-03
3.660	        4.156e-03
3.662	        4.008e-03
3.663	        3.866e-03
3.665	        3.735e-03
3.666	        3.612e-03
3.667	        3.496e-03
3.669	        3.387e-03
3.670	        3.282e-03
3.671	        3.182e-03
3.673	        3.088e-03
3.674	        2.998e-03
3.675	        2.913e-03
3.677	        2.834e-03
3.678	        2.759e-03
3.679	        2.685e-03
3.681	        2.613e-03
3.682	        2.544e-03
3.683	        2.481e-03
3.685	        2.419e-03
3.686	        2.360e-03
3.688	        2.304e-03
3.689	        2.249e-03
3.690	        2.195e-03
3.692	        2.144e-03
3.693	        2.095e-03
3.694	        2.048e-03
3.696	        2.002e-03
3.697	        1.957e-03
3.698	        1.912e-03
3.700	        1.870e-03
3.701	        1.829e-03
3.702	        1.785e-03
3.704	        1.741e-03
3.705	        1.698e-03
3.706	        1.658e-03
3.708	        1.622e-03
3.709	        1.589e-03
3.710	        1.557e-03
3.712	        1.524e-03
3.713	        1.488e-03
3.715	        1.450e-03
3.716	        1.415e-03
3.717	        1.381e-03
3.719	        1.346e-03
3.720	        1.310e-03
3.721	        1.273e-03
3.723	        1.235e-03
3.724	        1.200e-03
3.725	        1.171e-03
3.727	        1.143e-03
3.728	        1.114e-03
3.729	        1.082e-03
3.731	        1.045e-03
3.732	        1.006e-03
3.733	        9.670e-04
3.735	        9.297e-04
3.736	        8.932e-04
3.738	        8.579e-04
3.739	        8.243e-04
3.740	        7.926e-04
3.742	        7.619e-04
3.743	        7.327e-04
3.744	        7.057e-04
3.746	        6.790e-04
3.747	        6.514e-04
3.748	        6.243e-04
3.750	        5.990e-04
