# JWST NIRCAM preliminary Filter transmission curve
# http://www.stsci.edu/jwst/instruments/nircam/instrumentdesign/filters
# retrieved 2014.09.09 by S.Rodney
# Microns	Transmission
0.400 	       1.000e-10
0.401 	       1.000e-10
0.402 	       5.735e-08
0.403 	       9.831e-08
0.404 	       8.848e-08
0.405 	       9.285e-08
0.406 	       9.693e-08
0.407 	       1.033e-07
0.408 	       1.464e-07
0.409 	       1.466e-07
0.410 	       1.660e-07
0.411 	       1.214e-07
0.412 	       1.816e-07
0.413 	       1.980e-07
0.414 	       2.029e-07
0.415 	       1.996e-07
0.416 	       1.932e-07
0.417 	       1.648e-07
0.418 	       1.328e-07
0.419 	       1.316e-07
0.420 	       1.327e-07
0.421 	       8.942e-08
0.422 	       6.105e-08
0.423 	       7.294e-08
0.424 	       7.213e-08
0.425 	       7.213e-08
0.426 	       8.775e-08
0.427 	       8.775e-08
0.428 	       7.169e-08
0.429 	       7.466e-08
0.430 	       8.172e-08
0.431 	       8.432e-08
0.432 	       8.065e-08
0.433 	       8.960e-08
0.434 	       8.960e-08
0.435 	       1.111e-07
0.436 	       1.111e-07
0.437 	       1.091e-07
0.438 	       1.050e-07
0.439 	       8.986e-08
0.440 	       9.358e-08
0.441 	       9.806e-08
0.442 	       9.624e-08
0.443 	       1.068e-07
0.444 	       5.504e-08
0.445 	       5.544e-08
0.446 	       5.544e-08
0.447 	       6.165e-08
0.448 	       5.278e-08
0.449 	       4.647e-08
0.450 	       2.444e-08
0.451 	       2.933e-08
0.452 	       2.000e-08
0.453 	       2.000e-08
0.454 	       4.190e-08
0.455 	       4.190e-08
0.456 	       3.570e-08
0.457 	       3.570e-08
0.458 	       4.667e-08
0.459 	       5.872e-08
0.460 	       4.671e-08
0.461 	       5.084e-08
0.462 	       7.483e-08
0.463 	       5.252e-08
0.464 	       6.078e-08
0.465 	       6.078e-08
0.466 	       6.920e-08
0.467 	       5.823e-08
0.468 	       4.618e-08
0.469 	       5.450e-08
0.470 	       5.854e-08
0.471 	       3.455e-08
0.472 	       3.455e-08
0.473 	       5.625e-08
0.474 	       5.700e-08
0.475 	       4.858e-08
0.476 	       7.505e-08
0.477 	       9.965e-08
0.478 	       9.133e-08
0.479 	       8.746e-08
0.480 	       8.746e-08
0.481 	       8.746e-08
0.482 	       5.750e-08
0.483 	       6.374e-08
0.484 	       6.374e-08
0.485 	       3.728e-08
0.486 	       2.357e-08
0.487 	       2.357e-08
0.488 	       1.799e-08
0.489 	       2.177e-08
0.490 	       2.177e-08
0.491 	       3.584e-08
0.492 	       2.884e-08
0.493 	       2.884e-08
0.494 	       2.884e-08
0.495 	       1.795e-08
0.496 	       1.795e-08
0.497 	       1.795e-08
0.498 	       2.660e-08
0.499 	       2.660e-08
0.500 	       1.253e-08
0.501 	       1.859e-08
0.502 	       1.998e-08
0.503 	       1.998e-08
0.504 	       3.087e-08
0.505 	       3.087e-08
0.506 	       3.193e-08
0.507 	       1.950e-08
0.508 	       2.291e-08
0.509 	       2.291e-08
0.510 	       2.957e-08
0.511 	       2.818e-08
0.512 	       2.818e-08
0.513 	       1.848e-08
0.514 	       1.848e-08
0.515 	       1.743e-08
0.516 	       1.743e-08
0.517 	       2.577e-08
0.518 	       3.618e-08
0.519 	       2.346e-08
0.520 	       2.346e-08
0.521 	       2.346e-08
0.522 	       2.226e-08
0.523 	       2.226e-08
0.524 	       2.226e-08
0.525 	       2.226e-08
0.526 	       3.437e-08
0.527 	       2.397e-08
0.528 	       2.397e-08
0.529 	       2.397e-08
0.530 	       2.397e-08
0.531 	       2.658e-08
0.532 	       2.658e-08
0.533 	       2.658e-08
0.534 	       2.658e-08
0.535 	       2.713e-09
0.536 	       2.713e-09
0.537 	       2.713e-09
0.538 	       2.713e-09
0.539 	       1.202e-08
0.540 	       9.411e-09
0.541 	       9.411e-09
0.542 	       9.411e-09
0.543 	       3.417e-08
0.544 	       3.417e-08
0.545 	       3.417e-08
0.546 	       3.417e-08
0.547 	       3.911e-08
0.548 	       2.980e-08
0.549 	       2.980e-08
0.550 	       3.094e-08
0.551 	       3.094e-08
0.552 	       6.995e-09
0.553 	       6.995e-09
0.554 	       7.950e-09
0.555 	       7.950e-09
0.556 	       3.009e-09
0.557 	       3.009e-09
0.558 	       3.009e-09
0.559 	       1.861e-09
0.560 	       1.861e-09
0.561 	       1.055e-09
0.562 	       8.351e-09
0.563 	       7.396e-09
0.564 	       1.216e-08
0.565 	       1.216e-08
0.566 	       1.216e-08
0.567 	       1.216e-08
0.568 	       1.216e-08
0.569 	       1.216e-08
0.570 	       1.216e-08
0.571 	       4.867e-09
0.572 	       4.867e-09
0.573 	       1.000e-10
0.574 	       1.000e-10
0.575 	       1.000e-10
0.576 	       8.922e-09
0.577 	       8.922e-09
0.578 	       8.922e-09
0.579 	       9.825e-09
0.580 	       9.825e-09
0.581 	       9.825e-09
0.582 	       9.825e-09
0.583 	       9.825e-09
0.584 	       9.825e-09
0.585 	       1.003e-09
0.586 	       1.003e-09
0.587 	       1.003e-09
0.588 	       1.000e-10
0.589 	       1.000e-10
0.590 	       1.000e-10
0.591 	       1.000e-10
0.592 	       1.000e-10
0.593 	       1.000e-10
0.594 	       1.000e-10
0.595 	       1.000e-10
0.596 	       4.371e-09
0.597 	       4.371e-09
0.598 	       4.371e-09
0.599 	       4.371e-09
0.600 	       4.371e-09
0.601 	       4.371e-09
0.602 	       1.103e-08
0.603 	       1.103e-08
0.604 	       1.103e-08
0.605 	       6.761e-09
0.606 	       6.761e-09
0.607 	       6.761e-09
0.608 	       6.761e-09
0.609 	       2.079e-08
0.610 	       2.079e-08
0.611 	       1.413e-08
0.612 	       1.413e-08
0.613 	       1.413e-08
0.614 	       1.413e-08
0.615 	       1.413e-08
0.616 	       1.413e-08
0.617 	       1.413e-08
0.618 	       1.000e-10
0.619 	       1.000e-10
0.620 	       2.038e-09
0.621 	       6.030e-09
0.622 	       3.033e-08
0.623 	       3.033e-08
0.624 	       3.033e-08
0.625 	       3.033e-08
0.626 	       3.033e-08
0.627 	       3.033e-08
0.628 	       3.424e-08
0.629 	       3.230e-08
0.630 	       2.831e-08
0.631 	       4.013e-09
0.632 	       4.013e-09
0.633 	       1.357e-08
0.634 	       1.357e-08
0.635 	       1.357e-08
0.636 	       1.357e-08
0.637 	       9.657e-09
0.638 	       1.058e-08
0.639 	       1.058e-08
0.640 	       1.058e-08
0.641 	       1.484e-08
0.642 	       5.283e-09
0.643 	       2.686e-08
0.644 	       2.686e-08
0.645 	       3.716e-08
0.646 	       3.716e-08
0.647 	       4.927e-08
0.648 	       5.771e-08
0.649 	       5.771e-08
0.650 	       5.530e-08
0.651 	       5.530e-08
0.652 	       4.231e-08
0.653 	       5.682e-08
0.654 	       4.653e-08
0.655 	       6.017e-08
0.656 	       4.714e-08
0.657 	       4.629e-08
0.658 	       4.719e-08
0.659 	       6.584e-08
0.660 	       8.897e-08
0.661 	       8.038e-08
0.662 	       7.646e-08
0.663 	       7.646e-08
0.664 	       6.281e-08
0.665 	       7.568e-08
0.666 	       7.773e-08
0.667 	       9.690e-08
0.668 	       1.137e-07
0.669 	       9.330e-08
0.670 	       9.330e-08
0.671 	       9.199e-08
0.672 	       9.199e-08
0.673 	       9.199e-08
0.674 	       7.912e-08
0.675 	       7.290e-08
0.676 	       6.090e-08
0.677 	       4.243e-08
0.678 	       6.164e-08
0.679 	       6.339e-08
0.680 	       5.551e-08
0.681 	       7.954e-08
0.682 	       8.767e-08
0.683 	       1.150e-07
0.684 	       1.192e-07
0.685 	       1.310e-07
0.686 	       1.380e-07
0.687 	       1.336e-07
0.688 	       1.484e-07
0.689 	       1.706e-07
0.690 	       1.860e-07
0.691 	       2.055e-07
0.692 	       2.648e-07
0.693 	       3.430e-07
0.694 	       4.345e-07
0.695 	       5.206e-07
0.696 	       6.633e-07
0.697 	       8.296e-07
0.698 	       1.083e-06
0.699 	       1.323e-06
0.700 	       1.646e-06
0.701 	       2.030e-06
0.702 	       2.470e-06
0.703 	       3.177e-06
0.704 	       3.952e-06
0.705 	       4.701e-06
0.706 	       5.460e-06
0.707 	       6.042e-06
0.708 	       6.460e-06
0.709 	       6.689e-06
0.710 	       6.691e-06
0.711 	       6.540e-06
0.712 	       6.076e-06
0.713 	       5.478e-06
0.714 	       4.884e-06
0.715 	       4.185e-06
0.716 	       3.596e-06
0.717 	       3.138e-06
0.718 	       2.749e-06
0.719 	       2.406e-06
0.720 	       2.152e-06
0.721 	       1.925e-06
0.722 	       1.746e-06
0.723 	       1.545e-06
0.724 	       1.394e-06
0.725 	       1.159e-06
0.726 	       9.856e-07
0.727 	       8.369e-07
0.728 	       7.811e-07
0.729 	       7.261e-07
0.730 	       6.626e-07
0.731 	       6.003e-07
0.732 	       5.869e-07
0.733 	       5.550e-07
0.734 	       6.233e-07
0.735 	       7.155e-07
0.736 	       8.025e-07
0.737 	       9.361e-07
0.738 	       1.030e-06
0.739 	       1.099e-06
0.740 	       1.153e-06
0.741 	       1.114e-06
0.742 	       1.056e-06
0.743 	       9.583e-07
0.744 	       8.024e-07
0.745 	       6.867e-07
0.746 	       4.796e-07
0.747 	       3.197e-07
0.748 	       2.055e-07
0.749 	       1.039e-07
0.750 	       5.399e-08
0.751 	       1.319e-07
0.752 	       1.607e-07
0.753 	       1.677e-07
0.754 	       1.903e-07
0.755 	       2.253e-07
0.756 	       2.677e-07
0.757 	       2.694e-07
0.758 	       2.945e-07
0.759 	       3.791e-07
0.760 	       3.490e-07
0.761 	       3.579e-07
0.762 	       3.903e-07
0.763 	       3.591e-07
0.764 	       3.346e-07
0.765 	       3.412e-07
0.766 	       3.204e-07
0.767 	       3.152e-07
0.768 	       2.591e-07
0.769 	       2.160e-07
0.770 	       1.709e-07
0.771 	       1.665e-07
0.772 	       1.652e-07
0.773 	       1.886e-07
0.774 	       1.397e-07
0.775 	       1.783e-07
0.776 	       2.331e-07
0.777 	       2.679e-07
0.778 	       3.169e-07
0.779 	       3.404e-07
0.780 	       3.761e-07
0.781 	       3.811e-07
0.782 	       4.442e-07
0.783 	       4.993e-07
0.784 	       5.084e-07
0.785 	       4.668e-07
0.786 	       3.907e-07
0.787 	       3.807e-07
0.788 	       3.571e-07
0.789 	       3.396e-07
0.790 	       3.469e-07
0.791 	       3.013e-07
0.792 	       2.962e-07
0.793 	       2.548e-07
0.794 	       2.832e-07
0.795 	       3.182e-07
0.796 	       4.370e-07
0.797 	       5.904e-07
0.798 	       6.631e-07
0.799 	       8.005e-07
0.800 	       8.805e-07
0.801 	       9.105e-07
0.802 	       1.003e-06
0.803 	       1.084e-06
0.804 	       1.192e-06
0.805 	       1.145e-06
0.806 	       1.096e-06
0.807 	       1.095e-06
0.808 	       1.101e-06
0.809 	       1.140e-06
0.810 	       1.225e-06
0.811 	       1.257e-06
0.812 	       1.230e-06
0.813 	       1.201e-06
0.814 	       1.203e-06
0.815 	       1.237e-06
0.816 	       1.178e-06
0.817 	       1.076e-06
0.818 	       1.006e-06
0.819 	       9.478e-07
0.820 	       9.417e-07
0.821 	       9.012e-07
0.822 	       8.780e-07
0.823 	       8.395e-07
0.824 	       8.140e-07
0.825 	       8.725e-07
0.826 	       8.947e-07
0.827 	       9.405e-07
0.828 	       9.465e-07
0.829 	       8.689e-07
0.830 	       8.994e-07
0.831 	       9.252e-07
0.832 	       9.155e-07
0.833 	       9.175e-07
0.834 	       9.078e-07
0.835 	       8.808e-07
0.836 	       7.703e-07
0.837 	       6.820e-07
0.838 	       7.149e-07
0.839 	       7.403e-07
0.840 	       6.744e-07
0.841 	       6.586e-07
0.842 	       5.893e-07
0.843 	       5.341e-07
0.844 	       5.597e-07
0.845 	       5.853e-07
0.846 	       6.274e-07
0.847 	       6.128e-07
0.848 	       5.772e-07
0.849 	       6.170e-07
0.850 	       6.353e-07
0.851 	       6.771e-07
0.852 	       7.108e-07
0.853 	       7.002e-07
0.854 	       7.295e-07
0.855 	       7.174e-07
0.856 	       7.250e-07
0.857 	       7.035e-07
0.858 	       6.491e-07
0.859 	       6.590e-07
0.860 	       6.896e-07
0.861 	       6.731e-07
0.862 	       6.850e-07
0.863 	       6.881e-07
0.864 	       7.211e-07
0.865 	       7.497e-07
0.866 	       7.642e-07
0.867 	       8.272e-07
0.868 	       8.463e-07
0.869 	       8.389e-07
0.870 	       8.658e-07
0.871 	       8.900e-07
0.872 	       9.216e-07
0.873 	       9.526e-07
0.874 	       9.636e-07
0.875 	       1.015e-06
0.876 	       1.019e-06
0.877 	       1.021e-06
0.878 	       1.026e-06
0.879 	       1.057e-06
0.880 	       1.087e-06
0.881 	       1.062e-06
0.882 	       1.047e-06
0.883 	       1.045e-06
0.884 	       1.019e-06
0.885 	       1.039e-06
0.886 	       1.062e-06
0.887 	       1.054e-06
0.888 	       1.054e-06
0.889 	       1.031e-06
0.890 	       1.077e-06
0.891 	       1.084e-06
0.892 	       1.113e-06
0.893 	       1.165e-06
0.894 	       1.199e-06
0.895 	       1.203e-06
0.896 	       1.238e-06
0.897 	       1.252e-06
0.898 	       1.307e-06
0.899 	       1.307e-06
0.900 	       1.288e-06
0.901 	       1.288e-06
0.902 	       1.239e-06
0.903 	       1.198e-06
0.904 	       1.206e-06
0.905 	       1.222e-06
0.906 	       1.244e-06
0.907 	       1.215e-06
0.908 	       1.203e-06
0.909 	       1.269e-06
0.910 	       1.277e-06
0.911 	       1.279e-06
0.912 	       1.283e-06
0.913 	       1.222e-06
0.914 	       1.141e-06
0.915 	       1.061e-06
0.916 	       9.933e-07
0.917 	       9.064e-07
0.918 	       8.192e-07
0.919 	       7.455e-07
0.920 	       6.969e-07
0.921 	       6.461e-07
0.922 	       6.467e-07
0.923 	       6.374e-07
0.924 	       6.134e-07
0.925 	       6.624e-07
0.926 	       7.441e-07
0.927 	       8.337e-07
0.928 	       9.365e-07
0.929 	       1.036e-06
0.930 	       1.142e-06
0.931 	       1.231e-06
0.932 	       1.288e-06
0.933 	       1.325e-06
0.934 	       1.301e-06
0.935 	       1.262e-06
0.936 	       1.170e-06
0.937 	       1.028e-06
0.938 	       8.784e-07
0.939 	       7.271e-07
0.940 	       6.008e-07
0.941 	       5.233e-07
0.942 	       4.424e-07
0.943 	       4.010e-07
0.944 	       3.525e-07
0.945 	       3.099e-07
0.946 	       3.416e-07
0.947 	       3.858e-07
0.948 	       4.110e-07
0.949 	       4.164e-07
0.950 	       4.344e-07
0.951 	       4.884e-07
0.952 	       5.175e-07
0.953 	       5.569e-07
0.954 	       6.066e-07
0.955 	       6.117e-07
0.956 	       6.092e-07
0.957 	       6.389e-07
0.958 	       6.495e-07
0.959 	       6.384e-07
0.960 	       6.229e-07
0.961 	       6.038e-07
0.962 	       5.710e-07
0.963 	       5.550e-07
0.964 	       5.326e-07
0.965 	       5.067e-07
0.966 	       4.743e-07
0.967 	       4.364e-07
0.968 	       4.619e-07
0.969 	       4.406e-07
0.970 	       4.323e-07
0.971 	       4.424e-07
0.972 	       4.559e-07
0.973 	       4.802e-07
0.974 	       5.180e-07
0.975 	       5.381e-07
0.976 	       5.818e-07
0.977 	       6.157e-07
0.978 	       6.668e-07
0.979 	       7.134e-07
0.980 	       7.493e-07
0.981 	       7.953e-07
0.982 	       8.538e-07
0.983 	       8.943e-07
0.984 	       9.723e-07
0.985 	       1.040e-06
0.986 	       1.064e-06
0.987 	       1.104e-06
0.988 	       1.170e-06
0.989 	       1.211e-06
0.990 	       1.236e-06
0.991 	       1.214e-06
0.992 	       1.229e-06
0.993 	       1.229e-06
0.994 	       1.173e-06
0.995 	       1.145e-06
0.996 	       1.129e-06
0.997 	       9.931e-07
0.998 	       1.208e-06
0.999 	       1.290e-06
1.000 	       1.563e-06
1.001 	       1.577e-06
1.002 	       2.047e-06
1.003 	       2.182e-06
1.004 	       2.160e-06
1.005 	       2.595e-06
1.006 	       2.795e-06
1.007 	       2.627e-06
1.008 	       2.401e-06
1.009 	       2.069e-06
1.010 	       2.292e-06
1.011 	       1.800e-06
1.012 	       1.590e-06
1.013 	       1.731e-06
1.014 	       1.533e-06
1.015 	       1.304e-06
1.016 	       1.670e-06
1.017 	       2.048e-06
1.018 	       2.061e-06
1.019 	       1.994e-06
1.020 	       2.132e-06
1.021 	       2.362e-06
1.022 	       2.132e-06
1.023 	       1.780e-06
1.024 	       1.904e-06
1.025 	       1.627e-06
1.026 	       1.636e-06
1.027 	       1.656e-06
1.028 	       1.710e-06
1.029 	       1.471e-06
1.030 	       1.241e-06
1.031 	       1.416e-06
1.032 	       2.076e-06
1.033 	       2.083e-06
1.034 	       2.008e-06
1.035 	       1.996e-06
1.036 	       1.914e-06
1.037 	       1.935e-06
1.038 	       2.162e-06
1.039 	       2.391e-06
1.040 	       2.645e-06
1.041 	       1.985e-06
1.042 	       2.254e-06
1.043 	       2.080e-06
1.044 	       1.705e-06
1.045 	       2.215e-06
1.046 	       2.008e-06
1.047 	       2.089e-06
1.048 	       1.860e-06
1.049 	       1.781e-06
1.050 	       2.038e-06
1.051 	       1.638e-06
1.052 	       1.834e-06
1.053 	       1.834e-06
1.054 	       1.387e-06
1.055 	       1.461e-06
1.056 	       1.200e-06
1.057 	       1.218e-06
1.058 	       1.213e-06
1.059 	       1.482e-06
1.060 	       1.763e-06
1.061 	       1.542e-06
1.062 	       1.696e-06
1.063 	       1.633e-06
1.064 	       1.607e-06
1.065 	       1.754e-06
1.066 	       1.737e-06
1.067 	       1.610e-06
1.068 	       1.177e-06
1.069 	       8.963e-07
1.070 	       1.373e-06
1.071 	       1.570e-06
1.072 	       1.717e-06
1.073 	       1.500e-06
1.074 	       1.403e-06
1.075 	       1.590e-06
1.076 	       1.631e-06
1.077 	       1.703e-06
1.078 	       1.703e-06
1.079 	       1.439e-06
1.080 	       1.087e-06
1.081 	       1.065e-06
1.082 	       1.230e-06
1.083 	       1.513e-06
1.084 	       1.427e-06
1.085 	       1.289e-06
1.086 	       1.123e-06
1.087 	       1.158e-06
1.088 	       1.219e-06
1.089 	       1.239e-06
1.090 	       1.114e-06
1.091 	       1.156e-06
1.092 	       9.792e-07
1.093 	       8.786e-07
1.094 	       1.018e-06
1.095 	       1.018e-06
1.096 	       1.186e-06
1.097 	       9.752e-07
1.098 	       9.559e-07
1.099 	       1.152e-06
1.100 	       9.450e-07
1.101 	       7.211e-07
1.102 	       8.394e-07
1.103 	       8.236e-07
1.104 	       8.715e-07
1.105 	       6.687e-07
1.106 	       6.059e-07
1.107 	       7.116e-07
1.108 	       5.159e-07
1.109 	       5.309e-07
1.110 	       7.646e-07
1.111 	       7.202e-07
1.112 	       4.766e-07
1.113 	       4.287e-07
1.114 	       4.287e-07
1.115 	       7.068e-07
1.116 	       6.011e-07
1.117 	       6.011e-07
1.118 	       9.101e-07
1.119 	       6.763e-07
1.120 	       6.025e-07
1.121 	       6.022e-07
1.122 	       7.985e-07
1.123 	       7.985e-07
1.124 	       5.204e-07
1.125 	       6.612e-07
1.126 	       8.025e-07
1.127 	       4.785e-07
1.128 	       4.785e-07
1.129 	       7.779e-07
1.130 	       7.779e-07
1.131 	       5.816e-07
1.132 	       8.252e-07
1.133 	       8.252e-07
1.134 	       7.820e-07
1.135 	       6.408e-07
1.136 	       7.224e-07
1.137 	       7.224e-07
1.138 	       4.680e-07
1.139 	       4.680e-07
1.140 	       4.912e-07
1.141 	       2.476e-07
1.142 	       2.476e-07
1.143 	       4.934e-07
1.144 	       4.934e-07
1.145 	       4.118e-07
1.146 	       4.315e-07
1.147 	       3.865e-07
1.148 	       3.865e-07
1.149 	       4.481e-07
1.150 	       4.481e-07
1.151 	       4.481e-07
1.152 	       4.389e-07
1.153 	       4.389e-07
1.154 	       4.389e-07
1.155 	       4.192e-07
1.156 	       4.192e-07
1.157 	       6.381e-07
1.158 	       6.695e-07
1.159 	       6.695e-07
1.160 	       6.695e-07
1.161 	       3.352e-07
1.162 	       3.992e-07
1.163 	       7.072e-07
1.164 	       7.072e-07
1.165 	       9.379e-07
1.166 	       7.190e-07
1.167 	       6.027e-07
1.168 	       6.027e-07
1.169 	       6.919e-07
1.170 	       7.660e-07
1.171 	       1.111e-06
1.172 	       9.602e-07
1.173 	       9.899e-07
1.174 	       7.593e-07
1.175 	       7.593e-07
1.176 	       8.066e-07
1.177 	       8.066e-07
1.178 	       7.174e-07
1.179 	       7.516e-07
1.180 	       3.425e-07
1.181 	       1.863e-07
1.182 	       4.869e-07
1.183 	       4.869e-07
1.184 	       4.869e-07
1.185 	       5.132e-07
1.186 	       5.634e-07
1.187 	       5.634e-07
1.188 	       9.191e-07
1.189 	       9.620e-07
1.190 	       9.610e-07
1.191 	       7.960e-07
1.192 	       7.960e-07
1.193 	       7.960e-07
1.194 	       7.224e-07
1.195 	       8.598e-07
1.196 	       8.598e-07
1.197 	       4.415e-07
1.198 	       3.986e-07
1.199 	       4.490e-07
1.200 	       2.837e-07
1.201 	       4.026e-07
1.202 	       5.883e-07
1.203 	       5.883e-07
1.204 	       4.006e-07
1.205 	       5.517e-07
1.206 	       5.061e-07
1.207 	       5.061e-07
1.208 	       7.166e-07
1.209 	       7.166e-07
1.210 	       5.977e-07
1.211 	       4.120e-07
1.212 	       4.120e-07
1.213 	       5.625e-07
1.214 	       5.159e-07
1.215 	       5.438e-07
1.216 	       5.438e-07
1.217 	       2.978e-07
1.218 	       2.978e-07
1.219 	       2.978e-07
1.220 	       9.275e-07
1.221 	       9.275e-07
1.222 	       7.771e-07
1.223 	       9.671e-07
1.224 	       9.591e-07
1.225 	       9.591e-07
1.226 	       9.443e-07
1.227 	       1.245e-06
1.228 	       1.247e-06
1.229 	       6.175e-07
1.230 	       6.721e-07
1.231 	       6.721e-07
1.232 	       3.776e-07
1.233 	       1.087e-06
1.234 	       1.087e-06
1.235 	       1.087e-06
1.236 	       8.643e-07
1.237 	       9.782e-07
1.238 	       1.239e-06
1.239 	       1.184e-06
1.240 	       1.273e-06
1.241 	       1.599e-06
1.242 	       8.702e-07
1.243 	       8.702e-07
1.244 	       1.130e-06
1.245 	       1.052e-06
1.246 	       9.786e-07
1.247 	       7.240e-07
1.248 	       8.158e-07
1.249 	       7.371e-07
1.250 	       4.113e-07
1.251 	       4.113e-07
1.252 	       5.791e-07
1.253 	       3.195e-07
1.254 	       3.195e-07
1.255 	       2.762e-07
1.256 	       3.182e-07
1.257 	       3.965e-07
1.258 	       3.861e-07
1.259 	       7.466e-07
1.260 	       8.468e-07
1.261 	       7.846e-07
1.262 	       8.966e-07
1.263 	       8.966e-07
1.264 	       9.349e-07
1.265 	       1.318e-06
1.266 	       1.148e-06
1.267 	       1.283e-06
1.268 	       9.977e-07
1.269 	       9.641e-07
1.270 	       8.585e-07
1.271 	       1.112e-06
1.272 	       1.133e-06
1.273 	       1.132e-06
1.274 	       9.046e-07
1.275 	       1.133e-06
1.276 	       1.101e-06
1.277 	       1.402e-06
1.278 	       1.469e-06
1.279 	       1.583e-06
1.280 	       1.562e-06
1.281 	       1.541e-06
1.282 	       1.596e-06
1.283 	       1.392e-06
1.284 	       1.441e-06
1.285 	       1.470e-06
1.286 	       1.669e-06
1.287 	       1.877e-06
1.288 	       1.805e-06
1.289 	       1.460e-06
1.290 	       1.765e-06
1.291 	       1.672e-06
1.292 	       1.878e-06
1.293 	       1.815e-06
1.294 	       1.685e-06
1.295 	       1.110e-06
1.296 	       1.221e-06
1.297 	       1.313e-06
1.298 	       1.466e-06
1.299 	       1.212e-06
1.300 	       1.287e-06
1.301 	       1.431e-06
1.302 	       1.381e-06
1.303 	       1.619e-06
1.304 	       1.944e-06
1.305 	       1.816e-06
1.306 	       1.682e-06
1.307 	       1.529e-06
1.308 	       1.530e-06
1.309 	       1.455e-06
1.310 	       1.142e-06
1.311 	       1.031e-06
1.312 	       7.915e-07
1.313 	       1.071e-06
1.314 	       1.027e-06
1.315 	       1.231e-06
1.316 	       1.231e-06
1.317 	       1.353e-06
1.318 	       1.474e-06
1.319 	       1.785e-06
1.320 	       1.754e-06
1.321 	       1.754e-06
1.322 	       1.592e-06
1.323 	       1.342e-06
1.324 	       1.239e-06
1.325 	       1.522e-06
1.326 	       1.466e-06
1.327 	       1.772e-06
1.328 	       1.553e-06
1.329 	       1.907e-06
1.330 	       2.253e-06
1.331 	       2.050e-06
1.332 	       2.399e-06
1.333 	       2.429e-06
1.334 	       2.322e-06
1.335 	       2.567e-06
1.336 	       2.351e-06
1.337 	       2.446e-06
1.338 	       2.158e-06
1.339 	       1.903e-06
1.340 	       2.051e-06
1.341 	       1.908e-06
1.342 	       1.913e-06
1.343 	       2.064e-06
1.344 	       1.796e-06
1.345 	       1.791e-06
1.346 	       1.756e-06
1.347 	       1.669e-06
1.348 	       1.774e-06
1.349 	       1.747e-06
1.350 	       1.513e-06
1.351 	       1.531e-06
1.352 	       1.203e-06
1.353 	       1.267e-06
1.354 	       1.421e-06
1.355 	       1.456e-06
1.356 	       1.617e-06
1.357 	       1.665e-06
1.358 	       1.440e-06
1.359 	       1.500e-06
1.360 	       2.104e-06
1.361 	       2.249e-06
1.362 	       2.349e-06
1.363 	       2.342e-06
1.364 	       2.460e-06
1.365 	       2.422e-06
1.366 	       2.441e-06
1.367 	       2.622e-06
1.368 	       2.847e-06
1.369 	       2.352e-06
1.370 	       2.537e-06
1.371 	       2.681e-06
1.372 	       2.678e-06
1.373 	       2.870e-06
1.374 	       2.971e-06
1.375 	       2.709e-06
1.376 	       3.134e-06
1.377 	       3.248e-06
1.378 	       3.189e-06
1.379 	       3.118e-06
1.380 	       2.989e-06
1.381 	       3.118e-06
1.382 	       2.584e-06
1.383 	       2.794e-06
1.384 	       3.118e-06
1.385 	       2.622e-06
1.386 	       2.814e-06
1.387 	       3.136e-06
1.388 	       2.875e-06
1.389 	       2.850e-06
1.390 	       2.566e-06
1.391 	       2.855e-06
1.392 	       2.749e-06
1.393 	       2.840e-06
1.394 	       2.899e-06
1.395 	       2.307e-06
1.396 	       1.869e-06
1.397 	       2.275e-06
1.398 	       2.096e-06
1.399 	       2.201e-06
1.400 	       2.150e-06
1.401 	       2.113e-06
1.402 	       1.755e-06
1.403 	       1.982e-06
1.404 	       1.982e-06
1.405 	       1.927e-06
1.406 	       1.615e-06
1.407 	       1.659e-06
1.408 	       1.745e-06
1.409 	       1.594e-06
1.410 	       1.763e-06
1.411 	       1.755e-06
1.412 	       1.222e-06
1.413 	       1.611e-06
1.414 	       1.714e-06
1.415 	       1.863e-06
1.416 	       1.798e-06
1.417 	       1.803e-06
1.418 	       1.927e-06
1.419 	       1.775e-06
1.420 	       1.800e-06
1.421 	       2.522e-06
1.422 	       2.133e-06
1.423 	       2.561e-06
1.424 	       2.383e-06
1.425 	       2.335e-06
1.426 	       2.343e-06
1.427 	       2.400e-06
1.428 	       2.447e-06
1.429 	       2.399e-06
1.430 	       1.866e-06
1.431 	       2.106e-06
1.432 	       1.951e-06
1.433 	       1.977e-06
1.434 	       2.169e-06
1.435 	       2.099e-06
1.436 	       2.062e-06
1.437 	       2.114e-06
1.438 	       2.722e-06
1.439 	       3.213e-06
1.440 	       3.656e-06
1.441 	       4.080e-06
1.442 	       4.519e-06
1.443 	       5.134e-06
1.444 	       5.717e-06
1.445 	       6.257e-06
1.446 	       6.945e-06
1.447 	       7.391e-06
1.448 	       7.826e-06
1.449 	       8.487e-06
1.450 	       8.979e-06
1.451 	       9.737e-06
1.452 	       1.033e-05
1.453 	       1.126e-05
1.454 	       1.211e-05
1.455 	       1.271e-05
1.456 	       1.384e-05
1.457 	       1.516e-05
1.458 	       1.637e-05
1.459 	       1.769e-05
1.460 	       1.927e-05
1.461 	       2.124e-05
1.462 	       2.373e-05
1.463 	       2.598e-05
1.464 	       2.878e-05
1.465 	       3.149e-05
1.466 	       3.435e-05
1.467 	       3.789e-05
1.468 	       4.219e-05
1.469 	       4.686e-05
1.470 	       5.194e-05
1.471 	       5.656e-05
1.472 	       6.291e-05
1.473 	       6.953e-05
1.474 	       7.708e-05
1.475 	       8.589e-05
1.476 	       9.522e-05
1.477 	       1.055e-04
1.478 	       1.180e-04
1.479 	       1.310e-04
1.480 	       1.462e-04
1.481 	       1.633e-04
1.482 	       1.828e-04
1.483 	       2.058e-04
1.484 	       2.306e-04
1.485 	       2.605e-04
1.486 	       2.947e-04
1.487 	       3.338e-04
1.488 	       3.806e-04
1.489 	       4.345e-04
1.490 	       5.000e-04
1.491 	       5.727e-04
1.492 	       6.588e-04
1.493 	       7.616e-04
1.494 	       8.841e-04
1.495 	       1.027e-03
1.496 	       1.199e-03
1.497 	       1.399e-03
1.498 	       1.635e-03
1.499 	       1.911e-03
1.500 	       2.237e-03
1.501 	       2.625e-03
1.502 	       3.080e-03
1.503 	       3.616e-03
1.504 	       4.234e-03
1.505 	       4.950e-03
1.506 	       5.786e-03
1.507 	       6.791e-03
1.508 	       7.919e-03
1.509 	       9.276e-03
1.510 	       1.077e-02
1.511 	       1.258e-02
1.512 	       1.468e-02
1.513 	       1.706e-02
1.514 	       1.968e-02
1.515 	       2.248e-02
1.516 	       2.543e-02
1.517 	       2.858e-02
1.518 	       3.204e-02
1.519 	       3.585e-02
1.520 	       3.980e-02
1.521 	       4.441e-02
1.522 	       4.949e-02
1.523 	       5.521e-02
1.524 	       6.199e-02
1.525 	       6.989e-02
1.526 	       7.923e-02
1.527 	       9.003e-02
1.528 	       1.028e-01
1.529 	       1.181e-01
1.530 	       1.354e-01
1.531 	       1.565e-01
1.532 	       1.807e-01
1.533 	       2.076e-01
1.534 	       2.408e-01
1.535 	       2.778e-01
1.536 	       3.190e-01
1.537 	       3.650e-01
1.538 	       4.138e-01
1.539 	       4.660e-01
1.540 	       5.188e-01
1.541 	       5.725e-01
1.542 	       6.259e-01
1.543 	       6.733e-01
1.544 	       7.175e-01
1.545 	       7.577e-01
1.546 	       7.920e-01
1.547 	       8.201e-01
1.548 	       8.443e-01
1.549 	       8.621e-01
1.550 	       8.767e-01
1.551 	       8.881e-01
1.552 	       8.968e-01
1.553 	       9.045e-01
1.554 	       9.088e-01
1.555 	       9.141e-01
1.556 	       9.194e-01
1.557 	       9.217e-01
1.558 	       9.266e-01
1.559 	       9.300e-01
1.560 	       9.323e-01
1.561 	       9.358e-01
1.562 	       9.380e-01
1.563 	       9.413e-01
1.564 	       9.426e-01
1.565 	       9.444e-01
1.566 	       9.470e-01
1.567 	       9.476e-01
1.568 	       9.478e-01
1.569 	       9.477e-01
1.570 	       9.497e-01
1.571 	       9.526e-01
1.572 	       9.542e-01
1.573 	       9.544e-01
1.574 	       9.549e-01
1.575 	       9.541e-01
1.576 	       9.588e-01
1.577 	       9.591e-01
1.578 	       9.641e-01
1.579 	       9.645e-01
1.580 	       9.646e-01
1.581 	       9.661e-01
1.582 	       9.699e-01
1.583 	       9.701e-01
1.584 	       9.717e-01
1.585 	       9.691e-01
1.586 	       9.709e-01
1.587 	       9.692e-01
1.588 	       9.683e-01
1.589 	       9.681e-01
1.590 	       9.659e-01
1.591 	       9.641e-01
1.592 	       9.641e-01
1.593 	       9.633e-01
1.594 	       9.617e-01
1.595 	       9.614e-01
1.596 	       9.602e-01
1.597 	       9.605e-01
1.598 	       9.609e-01
1.599 	       9.582e-01
1.600 	       9.561e-01
1.601 	       9.562e-01
1.602 	       9.556e-01
1.603 	       9.543e-01
1.604 	       9.527e-01
1.605 	       9.513e-01
1.606 	       9.496e-01
1.607 	       9.465e-01
1.608 	       9.476e-01
1.609 	       9.459e-01
1.610 	       9.432e-01
1.611 	       9.451e-01
1.612 	       9.444e-01
1.613 	       9.444e-01
1.614 	       9.435e-01
1.615 	       9.425e-01
1.616 	       9.435e-01
1.617 	       9.435e-01
1.618 	       9.440e-01
1.619 	       9.454e-01
1.620 	       9.438e-01
1.621 	       9.448e-01
1.622 	       9.459e-01
1.623 	       9.475e-01
1.624 	       9.475e-01
1.625 	       9.483e-01
1.626 	       9.503e-01
1.627 	       9.524e-01
1.628 	       9.546e-01
1.629 	       9.561e-01
1.630 	       9.583e-01
1.631 	       9.581e-01
1.632 	       9.596e-01
1.633 	       9.627e-01
1.634 	       9.618e-01
1.635 	       9.653e-01
1.636 	       9.657e-01
1.637 	       9.666e-01
1.638 	       9.670e-01
1.639 	       9.682e-01
1.640 	       9.698e-01
1.641 	       9.699e-01
1.642 	       9.697e-01
1.643 	       9.719e-01
1.644 	       9.686e-01
1.645 	       9.705e-01
1.646 	       9.701e-01
1.647 	       9.728e-01
1.648 	       9.717e-01
1.649 	       9.703e-01
1.650 	       9.702e-01
1.651 	       9.699e-01
1.652 	       9.690e-01
1.653 	       9.694e-01
1.654 	       9.670e-01
1.655 	       9.665e-01
1.656 	       9.630e-01
1.657 	       9.632e-01
1.658 	       9.632e-01
1.659 	       9.625e-01
1.660 	       9.625e-01
1.661 	       9.617e-01
1.662 	       9.618e-01
1.663 	       9.614e-01
1.664 	       9.606e-01
1.665 	       9.600e-01
1.666 	       9.586e-01
1.667 	       9.581e-01
1.668 	       9.575e-01
1.669 	       9.590e-01
1.670 	       9.604e-01
1.671 	       9.588e-01
1.672 	       9.599e-01
1.673 	       9.611e-01
1.674 	       9.625e-01
1.675 	       9.643e-01
1.676 	       9.652e-01
1.677 	       9.667e-01
1.678 	       9.657e-01
1.679 	       9.668e-01
1.680 	       9.696e-01
1.681 	       9.705e-01
1.682 	       9.693e-01
1.683 	       9.707e-01
1.684 	       9.701e-01
1.685 	       9.699e-01
1.686 	       9.680e-01
1.687 	       9.696e-01
1.688 	       9.670e-01
1.689 	       9.661e-01
1.690 	       9.627e-01
1.691 	       9.639e-01
1.692 	       9.596e-01
1.693 	       9.568e-01
1.694 	       9.524e-01
1.695 	       9.481e-01
1.696 	       9.390e-01
1.697 	       9.298e-01
1.698 	       9.165e-01
1.699 	       9.043e-01
1.700 	       8.842e-01
1.701 	       8.642e-01
1.702 	       8.391e-01
1.703 	       8.110e-01
1.704 	       7.784e-01
1.705 	       7.422e-01
1.706 	       7.026e-01
1.707 	       6.604e-01
1.708 	       6.136e-01
1.709 	       5.695e-01
1.710 	       5.219e-01
1.711 	       4.753e-01
1.712 	       4.299e-01
1.713 	       3.864e-01
1.714 	       3.454e-01
1.715 	       3.077e-01
1.716 	       2.740e-01
1.717 	       2.443e-01
1.718 	       2.149e-01
1.719 	       1.903e-01
1.720 	       1.687e-01
1.721 	       1.495e-01
1.722 	       1.332e-01
1.723 	       1.193e-01
1.724 	       1.066e-01
1.725 	       9.534e-02
1.726 	       8.556e-02
1.727 	       7.678e-02
1.728 	       6.873e-02
1.729 	       6.134e-02
1.730 	       5.477e-02
1.731 	       4.826e-02
1.732 	       4.228e-02
1.733 	       3.671e-02
1.734 	       3.179e-02
1.735 	       2.715e-02
1.736 	       2.331e-02
1.737 	       1.997e-02
1.738 	       1.711e-02
1.739 	       1.468e-02
1.740 	       1.261e-02
1.741 	       1.084e-02
1.742 	       9.407e-03
1.743 	       8.118e-03
1.744 	       7.040e-03
1.745 	       6.093e-03
1.746 	       5.308e-03
1.747 	       4.629e-03
1.748 	       4.052e-03
1.749 	       3.575e-03
1.750 	       3.160e-03
1.751 	       2.786e-03
1.752 	       2.456e-03
1.753 	       2.181e-03
1.754 	       1.941e-03
1.755 	       1.734e-03
1.756 	       1.550e-03
1.757 	       1.390e-03
1.758 	       1.251e-03
1.759 	       1.122e-03
1.760 	       1.014e-03
1.761 	       9.194e-04
1.762 	       8.316e-04
1.763 	       7.549e-04
1.764 	       6.854e-04
1.765 	       6.261e-04
1.766 	       5.702e-04
1.767 	       5.209e-04
1.768 	       4.791e-04
1.769 	       4.407e-04
1.770 	       4.048e-04
1.771 	       3.706e-04
1.772 	       3.412e-04
1.773 	       3.123e-04
1.774 	       2.876e-04
1.775 	       2.668e-04
1.776 	       2.465e-04
1.777 	       2.278e-04
1.778 	       2.104e-04
1.779 	       1.943e-04
1.780 	       1.816e-04
1.781 	       1.676e-04
1.782 	       1.583e-04
1.783 	       1.471e-04
1.784 	       1.362e-04
1.785 	       1.268e-04
1.786 	       1.175e-04
1.787 	       1.094e-04
1.788 	       1.027e-04
1.789 	       9.559e-05
1.790 	       8.957e-05
1.791 	       8.250e-05
1.792 	       7.738e-05
1.793 	       7.304e-05
1.794 	       6.822e-05
1.795 	       6.436e-05
1.796 	       6.091e-05
1.797 	       5.778e-05
1.798 	       5.409e-05
1.799 	       4.998e-05
1.800 	       4.791e-05
1.801 	       4.509e-05
1.802 	       4.159e-05
1.803 	       3.970e-05
1.804 	       3.855e-05
1.805 	       3.646e-05
1.806 	       3.395e-05
1.807 	       3.340e-05
1.808 	       3.326e-05
1.809 	       3.182e-05
1.810 	       3.012e-05
1.811 	       3.018e-05
1.812 	       3.014e-05
1.813 	       2.907e-05
1.814 	       2.856e-05
1.815 	       2.737e-05
1.816 	       2.602e-05
1.817 	       2.517e-05
1.818 	       2.359e-05
1.819 	       2.446e-05
1.820 	       2.344e-05
1.821 	       2.155e-05
1.822 	       1.971e-05
1.823 	       1.876e-05
1.824 	       1.920e-05
1.825 	       1.885e-05
1.826 	       1.759e-05
1.827 	       1.800e-05
1.828 	       1.718e-05
1.829 	       1.704e-05
1.830 	       1.563e-05
1.831 	       1.596e-05
1.832 	       1.491e-05
1.833 	       1.459e-05
1.834 	       1.489e-05
1.835 	       1.544e-05
1.836 	       1.488e-05
1.837 	       1.383e-05
1.838 	       1.399e-05
1.839 	       1.598e-05
1.840 	       1.638e-05
1.841 	       1.746e-05
1.842 	       1.575e-05
1.843 	       1.533e-05
1.844 	       1.488e-05
1.845 	       1.444e-05
1.846 	       1.457e-05
1.847 	       1.321e-05
1.848 	       1.183e-05
1.849 	       1.119e-05
1.850 	       9.912e-06
1.851 	       1.043e-05
1.852 	       1.009e-05
1.853 	       1.018e-05
1.854 	       9.905e-06
1.855 	       1.044e-05
1.856 	       1.119e-05
1.857 	       1.158e-05
1.858 	       1.120e-05
1.859 	       1.158e-05
1.860 	       1.220e-05
1.861 	       1.178e-05
1.862 	       1.181e-05
1.863 	       1.246e-05
1.864 	       1.181e-05
1.865 	       1.177e-05
1.866 	       1.241e-05
1.867 	       1.218e-05
1.868 	       1.231e-05
1.869 	       1.205e-05
1.870 	       1.218e-05
1.871 	       1.275e-05
1.872 	       1.218e-05
1.873 	       1.213e-05
1.874 	       1.136e-05
1.875 	       1.011e-05
1.876 	       9.727e-06
1.877 	       9.295e-06
1.878 	       8.901e-06
1.879 	       8.032e-06
1.880 	       8.430e-06
1.881 	       8.003e-06
1.882 	       8.667e-06
1.883 	       8.962e-06
1.884 	       9.838e-06
1.885 	       1.021e-05
1.886 	       1.091e-05
1.887 	       1.127e-05
1.888 	       1.139e-05
1.889 	       9.877e-06
1.890 	       1.113e-05
1.891 	       9.802e-06
1.892 	       9.486e-06
1.893 	       8.101e-06
1.894 	       7.860e-06
1.895 	       8.344e-06
1.896 	       7.729e-06
1.897 	       8.519e-06
1.898 	       8.399e-06
1.899 	       8.722e-06
1.900 	       9.335e-06
1.901 	       1.039e-05
1.902 	       1.164e-05
1.903 	       1.209e-05
1.904 	       1.222e-05
1.905 	       1.211e-05
1.906 	       1.091e-05
1.907 	       1.250e-05
1.908 	       1.073e-05
1.909 	       1.129e-05
1.910 	       9.880e-06
1.911 	       9.631e-06
1.912 	       8.343e-06
1.913 	       8.148e-06
1.914 	       7.553e-06
1.915 	       8.839e-06
1.916 	       8.227e-06
1.917 	       9.151e-06
1.918 	       8.452e-06
1.919 	       9.162e-06
1.920 	       8.161e-06
1.921 	       8.619e-06
1.922 	       6.837e-06
1.923 	       8.224e-06
1.924 	       7.323e-06
1.925 	       6.464e-06
1.926 	       6.979e-06
1.927 	       5.901e-06
1.928 	       5.048e-06
1.929 	       5.584e-06
1.930 	       5.243e-06
1.931 	       6.511e-06
1.932 	       5.477e-06
1.933 	       5.507e-06
1.934 	       5.377e-06
1.935 	       3.938e-06
1.936 	       4.693e-06
1.937 	       5.493e-06
1.938 	       4.957e-06
1.939 	       4.840e-06
1.940 	       3.871e-06
1.941 	       4.538e-06
1.942 	       4.199e-06
1.943 	       4.335e-06
1.944 	       4.449e-06
1.945 	       3.694e-06
1.946 	       2.814e-06
1.947 	       3.023e-06
1.948 	       3.023e-06
1.949 	       2.888e-06
1.950 	       2.376e-06
1.951 	       2.299e-06
1.952 	       2.398e-06
1.953 	       2.493e-06
1.954 	       3.406e-06
1.955 	       3.142e-06
1.956 	       4.343e-06
1.957 	       4.343e-06
1.958 	       5.501e-06
1.959 	       5.167e-06
1.960 	       5.167e-06
1.961 	       4.501e-06
1.962 	       4.464e-06
1.963 	       3.551e-06
1.964 	       3.888e-06
1.965 	       2.872e-06
1.966 	       2.993e-06
1.967 	       4.210e-06
1.968 	       4.342e-06
1.969 	       4.342e-06
1.970 	       4.788e-06
1.971 	       4.617e-06
1.972 	       4.617e-06
1.973 	       5.419e-06
1.974 	       5.680e-06
1.975 	       6.737e-06
1.976 	       4.197e-06
1.977 	       3.892e-06
1.978 	       4.442e-06
1.979 	       3.522e-06
1.980 	       3.522e-06
1.981 	       3.885e-06
1.982 	       2.883e-06
1.983 	       2.229e-06
1.984 	       2.050e-06
1.985 	       2.877e-06
1.986 	       3.465e-06
1.987 	       2.914e-06
1.988 	       3.930e-06
1.989 	       5.134e-06
1.990 	       4.899e-06
1.991 	       4.762e-06
1.992 	       4.870e-06
1.993 	       5.220e-06
1.994 	       6.030e-06
1.995 	       6.251e-06
1.996 	       7.846e-06
1.997 	       7.114e-06
1.998 	       6.026e-06
1.999 	       6.411e-06
2.000 	       7.187e-06
2.001 	       7.079e-06
2.002 	       6.990e-06
2.003 	       6.235e-06
2.004 	       5.425e-06
2.005 	       3.830e-06
2.006 	       3.931e-06
2.007 	       3.814e-06
2.008 	       4.007e-06
2.009 	       4.059e-06
2.010 	       4.059e-06
2.011 	       2.897e-06
2.012 	       3.511e-06
2.013 	       4.142e-06
2.014 	       4.142e-06
2.015 	       3.758e-06
2.016 	       4.292e-06
2.017 	       3.587e-06
2.018 	       3.695e-06
2.019 	       3.695e-06
2.020 	       3.597e-06
2.021 	       4.103e-06
2.022 	       3.472e-06
2.023 	       4.126e-06
2.024 	       4.753e-06
2.025 	       4.711e-06
2.026 	       5.716e-06
2.027 	       4.779e-06
2.028 	       5.192e-06
2.029 	       5.192e-06
2.030 	       3.846e-06
2.031 	       4.962e-06
2.032 	       4.309e-06
2.033 	       3.682e-06
2.034 	       4.026e-06
2.035 	       3.021e-06
2.036 	       3.021e-06
2.037 	       4.643e-06
2.038 	       4.643e-06
2.039 	       4.359e-06
2.040 	       4.042e-06
2.041 	       4.042e-06
2.042 	       4.042e-06
2.043 	       6.272e-06
2.044 	       6.272e-06
2.045 	       6.736e-06
2.046 	       4.701e-06
2.047 	       4.701e-06
2.048 	       5.836e-06
2.049 	       5.127e-06
2.050 	       5.291e-06
2.051 	       6.511e-06
2.052 	       3.444e-06
2.053 	       4.134e-06
2.054 	       3.670e-06
2.055 	       3.670e-06
2.056 	       5.666e-06
2.057 	       4.160e-06
2.058 	       4.325e-06
2.059 	       4.590e-06
2.060 	       3.371e-06
2.061 	       3.418e-06
2.062 	       4.704e-06
2.063 	       5.066e-06
2.064 	       5.066e-06
2.065 	       4.563e-06
2.066 	       5.672e-06
2.067 	       5.479e-06
2.068 	       5.049e-06
2.069 	       7.653e-06
2.070 	       7.607e-06
2.071 	       5.797e-06
2.072 	       5.435e-06
2.073 	       5.435e-06
2.074 	       3.942e-06
2.075 	       2.833e-06
2.076 	       5.163e-06
2.077 	       5.239e-06
2.078 	       2.705e-06
2.079 	       2.705e-06
2.080 	       3.337e-06
2.081 	       4.783e-06
2.082 	       6.000e-06
2.083 	       6.069e-06
2.084 	       6.069e-06
2.085 	       6.375e-06
2.086 	       6.298e-06
2.087 	       7.236e-06
2.088 	       7.236e-06
2.089 	       6.436e-06
2.090 	       4.991e-06
2.091 	       5.817e-06
2.092 	       5.748e-06
2.093 	       6.064e-06
2.094 	       4.111e-06
2.095 	       4.111e-06
2.096 	       3.104e-06
2.097 	       3.104e-06
2.098 	       3.104e-06
2.099 	       5.830e-06
2.100 	       3.787e-06
2.101 	       4.410e-06
2.102 	       4.095e-06
2.103 	       4.079e-06
2.104 	       4.079e-06
2.105 	       5.212e-06
2.106 	       6.499e-06
2.107 	       9.026e-06
2.108 	       6.300e-06
2.109 	       6.300e-06
2.110 	       8.030e-06
2.111 	       8.030e-06
2.112 	       7.301e-06
2.113 	       7.301e-06
2.114 	       6.957e-06
2.115 	       7.899e-06
2.116 	       5.486e-06
2.117 	       5.486e-06
2.118 	       7.720e-06
2.119 	       8.140e-06
2.120 	       8.140e-06
2.121 	       8.945e-06
2.122 	       1.013e-05
2.123 	       9.345e-06
2.124 	       7.115e-06
2.125 	       7.197e-06
2.126 	       9.269e-06
2.127 	       7.034e-06
2.128 	       6.359e-06
2.129 	       6.359e-06
2.130 	       5.789e-06
2.131 	       4.600e-06
2.132 	       5.007e-06
2.133 	       8.754e-06
2.134 	       9.538e-06
2.135 	       8.179e-06
2.136 	       8.387e-06
2.137 	       7.512e-06
2.138 	       8.193e-06
2.139 	       7.958e-06
2.140 	       7.958e-06
2.141 	       1.016e-05
2.142 	       7.257e-06
2.143 	       7.063e-06
2.144 	       6.351e-06
2.145 	       6.666e-06
2.146 	       5.444e-06
2.147 	       4.764e-06
2.148 	       4.764e-06
2.149 	       7.047e-06
2.150 	       7.731e-06
2.151 	       6.883e-06
2.152 	       7.633e-06
2.153 	       8.047e-06
2.154 	       7.896e-06
2.155 	       8.542e-06
2.156 	       8.986e-06
2.157 	       8.986e-06
2.158 	       6.979e-06
2.159 	       5.097e-06
2.160 	       5.097e-06
2.161 	       5.828e-06
2.162 	       5.414e-06
2.163 	       5.721e-06
2.164 	       5.074e-06
2.165 	       5.441e-06
2.166 	       5.441e-06
2.167 	       5.165e-06
2.168 	       3.757e-06
2.169 	       4.621e-06
2.170 	       2.354e-06
2.171 	       2.354e-06
2.172 	       1.675e-06
2.173 	       3.862e-06
2.174 	       3.052e-06
2.175 	       4.242e-06
2.176 	       5.013e-06
2.177 	       5.013e-06
2.178 	       4.867e-06
2.179 	       6.257e-06
2.180 	       6.339e-06
2.181 	       6.339e-06
2.182 	       4.749e-06
2.183 	       5.899e-06
2.184 	       6.857e-06
2.185 	       6.629e-06
2.186 	       7.080e-06
2.187 	       6.431e-06
2.188 	       5.041e-06
2.189 	       6.809e-06
2.190 	       7.957e-06
2.191 	       7.360e-06
2.192 	       6.209e-06
2.193 	       5.487e-06
2.194 	       4.945e-06
2.195 	       4.494e-06
2.196 	       5.010e-06
2.197 	       5.638e-06
2.198 	       5.120e-06
2.199 	       5.821e-06
2.200 	       6.346e-06
2.201 	       6.346e-06
2.202 	       4.920e-06
2.203 	       5.777e-06
2.204 	       5.777e-06
2.205 	       9.448e-06
2.206 	       8.820e-06
2.207 	       7.488e-06
2.208 	       5.640e-06
2.209 	       5.136e-06
2.210 	       5.136e-06
2.211 	       5.136e-06
2.212 	       4.279e-06
2.213 	       4.279e-06
2.214 	       2.186e-08
2.215 	       2.186e-08
2.216 	       2.729e-06
2.217 	       3.777e-06
2.218 	       3.755e-06
2.219 	       3.755e-06
2.220 	       3.755e-06
2.221 	       3.755e-06
2.222 	       8.002e-06
2.223 	       8.491e-06
2.224 	       8.491e-06
2.225 	       5.784e-06
2.226 	       6.739e-06
2.227 	       1.150e-05
2.228 	       1.150e-05
2.229 	       1.302e-05
2.230 	       1.497e-05
2.231 	       1.344e-05
2.232 	       1.295e-05
2.233 	       1.295e-05
2.234 	       1.849e-05
2.235 	       2.009e-05
2.236 	       1.533e-05
2.237 	       1.977e-05
2.238 	       2.426e-05
2.239 	       2.486e-05
2.240 	       2.215e-05
2.241 	       2.427e-05
2.242 	       2.815e-05
2.243 	       2.372e-05
2.244 	       2.012e-05
2.245 	       2.412e-05
2.246 	       1.968e-05
2.247 	       1.519e-05
2.248 	       1.615e-05
2.249 	       1.777e-05
2.250 	       1.564e-05
2.251 	       1.686e-05
2.252 	       1.817e-05
2.253 	       1.832e-05
2.254 	       1.432e-05
2.255 	       1.432e-05
2.256 	       1.280e-05
2.257 	       1.790e-05
2.258 	       1.627e-05
2.259 	       2.237e-05
2.260 	       1.780e-05
2.261 	       1.673e-05
2.262 	       1.744e-05
2.263 	       1.744e-05
2.264 	       1.843e-05
2.265 	       1.843e-05
2.266 	       9.817e-06
2.267 	       1.090e-05
2.268 	       4.974e-06
2.269 	       7.166e-06
2.270 	       5.808e-06
2.271 	       4.960e-06
2.272 	       8.458e-06
2.273 	       1.218e-05
2.274 	       1.396e-05
2.275 	       1.396e-05
2.276 	       1.749e-05
2.277 	       1.868e-05
2.278 	       1.646e-05
2.279 	       1.673e-05
2.280 	       1.673e-05
2.281 	       1.323e-05
2.282 	       8.679e-06
2.283 	       6.901e-06
2.284 	       6.901e-06
2.285 	       2.295e-06
2.286 	       1.006e-06
2.287 	       3.484e-06
2.288 	       4.142e-06
2.289 	       4.142e-06
2.290 	       5.051e-06
2.291 	       5.649e-06
2.292 	       6.027e-06
2.293 	       6.027e-06
2.294 	       7.438e-06
2.295 	       9.098e-06
2.296 	       6.124e-06
2.297 	       6.227e-06
2.298 	       7.479e-06
2.299 	       7.531e-06
2.300 	       7.071e-06
2.301 	       7.067e-06
2.302 	       7.602e-06
2.303 	       7.161e-06
2.304 	       6.544e-06
2.305 	       6.544e-06
2.306 	       7.823e-06
2.307 	       7.163e-06
2.308 	       7.189e-06
2.309 	       6.882e-06
2.310 	       6.750e-06
2.311 	       7.412e-06
2.312 	       7.903e-06
2.313 	       7.488e-06
2.314 	       7.488e-06
2.315 	       6.583e-06
2.316 	       7.186e-06
2.317 	       6.199e-06
2.318 	       6.850e-06
2.319 	       6.608e-06
2.320 	       5.410e-06
2.321 	       4.894e-06
2.322 	       4.300e-06
2.323 	       5.329e-06
2.324 	       5.254e-06
2.325 	       4.980e-06
2.326 	       5.250e-06
2.327 	       4.599e-06
2.328 	       4.599e-06
2.329 	       4.980e-06
2.330 	       4.910e-06
2.331 	       5.281e-06
2.332 	       4.646e-06
2.333 	       3.655e-06
2.334 	       4.232e-06
2.335 	       5.071e-06
2.336 	       5.944e-06
2.337 	       6.473e-06
2.338 	       7.101e-06
2.339 	       6.262e-06
2.340 	       6.815e-06
2.341 	       6.850e-06
2.342 	       6.928e-06
2.343 	       5.430e-06
2.344 	       4.374e-06
2.345 	       4.747e-06
2.346 	       5.179e-06
2.347 	       4.701e-06
2.348 	       5.066e-06
2.349 	       4.900e-06
2.350 	       6.137e-06
2.351 	       5.723e-06
2.352 	       7.185e-06
2.353 	       8.137e-06
2.354 	       7.932e-06
2.355 	       6.970e-06
2.356 	       6.831e-06
2.357 	       9.218e-06
2.358 	       9.286e-06
2.359 	       8.596e-06
2.360 	       9.691e-06
2.361 	       8.975e-06
2.362 	       8.216e-06
2.363 	       7.312e-06
2.364 	       7.410e-06
2.365 	       8.189e-06
2.366 	       5.401e-06
2.367 	       5.686e-06
2.368 	       7.076e-06
2.369 	       5.982e-06
2.370 	       6.790e-06
2.371 	       7.256e-06
2.372 	       8.207e-06
2.373 	       9.775e-06
2.374 	       8.604e-06
2.375 	       1.052e-05
2.376 	       1.043e-05
2.377 	       9.710e-06
2.378 	       1.124e-05
2.379 	       9.685e-06
2.380 	       1.065e-05
2.381 	       1.143e-05
2.382 	       1.140e-05
2.383 	       1.340e-05
2.384 	       1.149e-05
2.385 	       1.119e-05
2.386 	       9.810e-06
2.387 	       8.281e-06
2.388 	       8.281e-06
2.389 	       9.311e-06
2.390 	       7.446e-06
2.391 	       8.397e-06
2.392 	       6.391e-06
2.393 	       8.475e-06
2.394 	       1.043e-05
2.395 	       1.016e-05
2.396 	       1.096e-05
2.397 	       1.204e-05
2.398 	       9.337e-06
2.399 	       1.309e-05
2.400 	       1.264e-05
2.401 	       1.427e-05
2.402 	       1.469e-05
2.403 	       1.190e-05
2.404 	       1.313e-05
2.405 	       1.526e-05
2.406 	       1.418e-05
2.407 	       1.791e-05
2.408 	       1.521e-05
2.409 	       1.422e-05
2.410 	       1.260e-05
2.411 	       1.223e-05
2.412 	       1.257e-05
2.413 	       1.394e-05
2.414 	       1.283e-05
2.415 	       1.601e-05
2.416 	       1.318e-05
2.417 	       1.486e-05
2.418 	       1.371e-05
2.419 	       1.434e-05
2.420 	       1.410e-05
2.421 	       1.579e-05
2.422 	       1.480e-05
2.423 	       1.529e-05
2.424 	       1.414e-05
2.425 	       1.436e-05
2.426 	       1.737e-05
2.427 	       1.763e-05
2.428 	       2.110e-05
2.429 	       1.920e-05
2.430 	       1.904e-05
2.431 	       1.912e-05
2.432 	       2.052e-05
2.433 	       1.849e-05
2.434 	       1.803e-05
2.435 	       1.589e-05
2.436 	       1.627e-05
2.437 	       1.217e-05
2.438 	       1.420e-05
2.439 	       1.286e-05
2.440 	       1.554e-05
2.441 	       1.410e-05
2.442 	       1.410e-05
2.443 	       1.748e-05
2.444 	       1.712e-05
2.445 	       1.693e-05
2.446 	       2.087e-05
2.447 	       1.884e-05
2.448 	       1.829e-05
2.449 	       1.458e-05
2.450 	       1.525e-05
2.451 	       1.880e-05
2.452 	       1.719e-05
2.453 	       1.612e-05
2.454 	       1.742e-05
2.455 	       1.628e-05
2.456 	       1.628e-05
2.457 	       1.663e-05
2.458 	       1.828e-05
2.459 	       1.818e-05
2.460 	       1.587e-05
2.461 	       1.793e-05
2.462 	       1.925e-05
2.463 	       1.751e-05
2.464 	       1.571e-05
2.465 	       1.879e-05
2.466 	       2.105e-05
2.467 	       1.882e-05
2.468 	       1.724e-05
2.469 	       1.831e-05
2.470 	       1.382e-05
2.471 	       1.155e-05
2.472 	       1.529e-05
2.473 	       1.498e-05
2.474 	       1.585e-05
2.475 	       1.369e-05
2.476 	       1.450e-05
2.477 	       1.326e-05
2.478 	       1.427e-05
2.479 	       1.613e-05
2.480 	       1.868e-05
2.481 	       1.656e-05
2.482 	       2.068e-05
2.483 	       2.311e-05
2.484 	       2.266e-05
2.485 	       2.282e-05
2.486 	       2.692e-05
2.487 	       2.616e-05
2.488 	       2.430e-05
2.489 	       2.160e-05
2.490 	       2.619e-05
2.491 	       2.136e-05
2.492 	       1.711e-05
2.493 	       2.088e-05
2.494 	       2.396e-05
2.495 	       2.301e-05
2.496 	       2.045e-05
2.497 	       2.045e-05
2.498 	       2.375e-05
2.499 	       2.147e-05
2.500 	       2.337e-05
2.501 	       2.125e-05
2.502 	       2.538e-05
2.503 	       2.238e-05
2.504 	       1.959e-05
2.505 	       2.523e-05
2.506 	       2.704e-05
2.507 	       2.750e-05
2.508 	       2.442e-05
2.509 	       2.465e-05
2.510 	       2.465e-05
2.511 	       2.013e-05
2.512 	       1.902e-05
2.513 	       1.866e-05
2.514 	       1.301e-05
2.515 	       1.121e-05
2.516 	       6.352e-06
2.517 	       7.471e-06
2.518 	       1.087e-05
2.519 	       1.348e-05
2.520 	       1.009e-05
2.521 	       1.009e-05
2.522 	       1.447e-05
2.523 	       1.447e-05
2.524 	       2.094e-05
2.525 	       2.464e-05
2.526 	       3.341e-05
2.527 	       3.484e-05
2.528 	       3.936e-05
2.529 	       4.941e-05
2.530 	       5.545e-05
2.531 	       5.575e-05
2.532 	       6.398e-05
2.533 	       6.639e-05
2.534 	       6.351e-05
2.535 	       5.277e-05
2.536 	       5.065e-05
2.537 	       4.352e-05
2.538 	       4.154e-05
2.539 	       4.104e-05
2.540 	       3.936e-05
2.541 	       3.863e-05
2.542 	       3.318e-05
2.543 	       3.712e-05
2.544 	       4.430e-05
2.545 	       4.688e-05
2.546 	       5.011e-05
2.547 	       5.325e-05
2.548 	       4.771e-05
2.549 	       5.162e-05
2.550 	       5.023e-05
2.551 	       6.477e-05
2.552 	       6.915e-05
2.553 	       8.048e-05
2.554 	       8.917e-05
2.555 	       1.024e-04
2.556 	       1.014e-04
2.557 	       1.265e-04
2.558 	       1.365e-04
2.559 	       1.565e-04
2.560 	       1.586e-04
2.561 	       1.606e-04
2.562 	       1.520e-04
2.563 	       1.493e-04
2.564 	       1.620e-04
2.565 	       1.679e-04
2.566 	       1.624e-04
2.567 	       1.682e-04
2.568 	       1.752e-04
2.569 	       1.664e-04
2.570 	       1.791e-04
2.571 	       1.718e-04
2.572 	       1.830e-04
2.573 	       1.699e-04
2.574 	       1.676e-04
2.575 	       1.655e-04
2.576 	       1.694e-04
2.577 	       1.603e-04
2.578 	       1.682e-04
2.579 	       1.785e-04
2.580 	       1.872e-04
2.581 	       1.947e-04
2.582 	       1.969e-04
2.583 	       2.101e-04
2.584 	       2.166e-04
2.585 	       2.173e-04
2.586 	       1.984e-04
2.587 	       1.985e-04
2.588 	       1.770e-04
2.589 	       2.106e-04
2.590 	       1.977e-04
2.591 	       2.147e-04
2.592 	       2.391e-04
2.593 	       2.320e-04
2.594 	       2.391e-04
2.595 	       2.720e-04
2.596 	       2.682e-04
2.597 	       2.875e-04
2.598 	       2.709e-04
2.599 	       2.871e-04
2.600 	       2.810e-04