# JWST NIRCAM preliminary Filter transmission curve
# http://www.stsci.edu/jwst/instruments/nircam/instrumentdesign/filters
# retrieved 2014.09.09 by S.Rodney
# Microns	Transmission
    1.248	1.067E-05
    1.249	1.136E-05
    1.250	1.206E-05
    1.251	1.327E-05
    1.252	1.472E-05
    1.253	1.572E-05
    1.254	1.707E-05
    1.255	1.853E-05
    1.256	2.069E-05
    1.257	2.230E-05
    1.258	2.387E-05
    1.259	2.569E-05
    1.260	2.810E-05
    1.261	3.083E-05
    1.262	3.387E-05
    1.263	3.702E-05
    1.264	4.059E-05
    1.265	4.478E-05
    1.266	4.954E-05
    1.267	5.513E-05
    1.268	6.132E-05
    1.269	6.773E-05
    1.270	7.527E-05
    1.271	8.364E-05
    1.272	9.433E-05
    1.273	1.058E-04
    1.274	1.194E-04
    1.275	1.350E-04
    1.276	1.532E-04
    1.277	1.741E-04
    1.278	1.980E-04
    1.279	2.260E-04
    1.280	2.586E-04
    1.281	2.961E-04
    1.282	3.393E-04
    1.283	3.892E-04
    1.284	4.464E-04
    1.285	5.121E-04
    1.286	5.889E-04
    1.287	6.766E-04
    1.288	7.806E-04
    1.289	9.008E-04
    1.290	1.042E-03
    1.291	1.204E-03
    1.292	1.400E-03
    1.293	1.629E-03
    1.294	1.899E-03
    1.295	2.226E-03
    1.296	2.620E-03
    1.297	3.095E-03
    1.298	3.673E-03
    1.299	4.384E-03
    1.300	5.251E-03
    1.301	6.326E-03
    1.302	7.650E-03
    1.303	9.275E-03
    1.304	1.126E-02
    1.305	1.372E-02
    1.306	1.664E-02
    1.307	1.971E-02
    1.308	2.263E-02
    1.309	2.490E-02
    1.310	2.703E-02
    1.311	2.951E-02
    1.312	3.263E-02
    1.313	3.620E-02
    1.314	4.042E-02
    1.315	4.513E-02
    1.316	5.087E-02
    1.317	5.717E-02
    1.318	6.520E-02
    1.319	7.416E-02
    1.320	8.598E-02
    1.321	1.004E-01
    1.322	1.187E-01
    1.323	1.393E-01
    1.324	1.644E-01
    1.325	1.925E-01
    1.326	2.255E-01
    1.327	2.618E-01
    1.328	3.039E-01
    1.329	3.510E-01
    1.330	4.044E-01
    1.331	4.618E-01
    1.332	5.225E-01
    1.333	5.839E-01
    1.334	6.432E-01
    1.335	6.999E-01
    1.336	7.500E-01
    1.337	7.947E-01
    1.338	8.304E-01
    1.339	8.598E-01
    1.340	8.820E-01
    1.341	8.981E-01
    1.342	9.087E-01
    1.343	9.171E-01
    1.344	9.221E-01
    1.345	9.249E-01
    1.346	9.275E-01
    1.347	9.302E-01
    1.348	9.338E-01
    1.349	9.352E-01
    1.350	9.378E-01
    1.351	9.404E-01
    1.352	9.426E-01
    1.353	9.446E-01
    1.354	9.450E-01
    1.355	9.453E-01
    1.356	9.449E-01
    1.357	9.443E-01
    1.358	9.437E-01
    1.359	9.432E-01
    1.360	9.427E-01
    1.361	9.424E-01
    1.362	9.403E-01
    1.363	9.405E-01
    1.364	9.398E-01
    1.365	9.402E-01
    1.366	9.382E-01
    1.367	9.364E-01
    1.368	9.368E-01
    1.369	9.366E-01
    1.370	9.380E-01
    1.371	9.382E-01
    1.372	9.380E-01
    1.373	9.370E-01
    1.374	9.352E-01
    1.375	9.347E-01
    1.376	9.343E-01
    1.377	9.342E-01
    1.378	9.337E-01
    1.379	9.325E-01
    1.380	9.311E-01
    1.381	9.302E-01
    1.382	9.303E-01
    1.383	9.300E-01
    1.384	9.303E-01
    1.385	9.294E-01
    1.386	9.294E-01
    1.387	9.286E-01
    1.388	9.287E-01
    1.389	9.278E-01
    1.390	9.277E-01
    1.391	9.275E-01
    1.392	9.283E-01
    1.393	9.291E-01
    1.394	9.296E-01
    1.395	9.306E-01
    1.396	9.312E-01
    1.397	9.323E-01
    1.398	9.321E-01
    1.399	9.330E-01
    1.400	9.342E-01
    1.401	9.361E-01
    1.402	9.378E-01
    1.403	9.390E-01
    1.404	9.396E-01
    1.405	9.405E-01
    1.406	9.420E-01
    1.407	9.429E-01
    1.408	9.447E-01
    1.409	9.458E-01
    1.410	9.466E-01
    1.411	9.462E-01
    1.412	9.469E-01
    1.413	9.487E-01
    1.414	9.495E-01
    1.415	9.500E-01
    1.416	9.513E-01
    1.417	9.529E-01
    1.418	9.544E-01
    1.419	9.549E-01
    1.420	9.550E-01
    1.421	9.564E-01
    1.422	9.562E-01
    1.423	9.576E-01
    1.424	9.571E-01
    1.425	9.569E-01
    1.426	9.576E-01
    1.427	9.577E-01
    1.428	9.594E-01
    1.429	9.603E-01
    1.430	9.607E-01
    1.431	9.614E-01
    1.432	9.599E-01
    1.433	9.608E-01
    1.434	9.613E-01
    1.435	9.610E-01
    1.436	9.603E-01
    1.437	9.608E-01
    1.438	9.620E-01
    1.439	9.630E-01
    1.440	9.629E-01
    1.441	9.627E-01
    1.442	9.621E-01
    1.443	9.629E-01
    1.444	9.644E-01
    1.445	9.646E-01
    1.446	9.639E-01
    1.447	9.633E-01
    1.448	9.641E-01
    1.449	9.630E-01
    1.450	9.628E-01
    1.451	9.624E-01
    1.452	9.625E-01
    1.453	9.612E-01
    1.454	9.592E-01
    1.455	9.587E-01
    1.456	9.582E-01
    1.457	9.581E-01
    1.458	9.577E-01
    1.459	9.569E-01
    1.460	9.556E-01
    1.461	9.527E-01
    1.462	9.496E-01
    1.463	9.467E-01
    1.464	9.453E-01
    1.465	9.450E-01
    1.466	9.437E-01
    1.467	9.425E-01
    1.468	9.409E-01
    1.469	9.400E-01
    1.470	9.374E-01
    1.471	9.357E-01
    1.472	9.350E-01
    1.473	9.347E-01
    1.474	9.343E-01
    1.475	9.329E-01
    1.476	9.317E-01
    1.477	9.318E-01
    1.478	9.325E-01
    1.479	9.341E-01
    1.480	9.330E-01
    1.481	9.341E-01
    1.482	9.346E-01
    1.483	9.353E-01
    1.484	9.350E-01
    1.485	9.373E-01
    1.486	9.394E-01
    1.487	9.416E-01
    1.488	9.418E-01
    1.489	9.430E-01
    1.490	9.444E-01
    1.491	9.460E-01
    1.492	9.481E-01
    1.493	9.489E-01
    1.494	9.505E-01
    1.495	9.521E-01
    1.496	9.545E-01
    1.497	9.552E-01
    1.498	9.558E-01
    1.499	9.569E-01
    1.500	9.599E-01
    1.501	9.618E-01
    1.502	9.631E-01
    1.503	9.638E-01
    1.504	9.646E-01
    1.505	9.655E-01
    1.506	9.660E-01
    1.507	9.674E-01
    1.508	9.691E-01
    1.509	9.714E-01
    1.510	9.726E-01
    1.511	9.729E-01
    1.512	9.733E-01
    1.513	9.747E-01
    1.514	9.743E-01
    1.515	9.740E-01
    1.516	9.722E-01
    1.517	9.734E-01
    1.518	9.728E-01
    1.519	9.733E-01
    1.520	9.719E-01
    1.521	9.716E-01
    1.522	9.710E-01
    1.523	9.720E-01
    1.524	9.714E-01
    1.525	9.715E-01
    1.526	9.699E-01
    1.527	9.695E-01
    1.528	9.687E-01
    1.529	9.665E-01
    1.530	9.664E-01
    1.531	9.648E-01
    1.532	9.642E-01
    1.533	9.601E-01
    1.534	9.598E-01
    1.535	9.596E-01
    1.536	9.604E-01
    1.537	9.591E-01
    1.538	9.586E-01
    1.539	9.576E-01
    1.540	9.561E-01
    1.541	9.551E-01
    1.542	9.548E-01
    1.543	9.544E-01
    1.544	9.554E-01
    1.545	9.549E-01
    1.546	9.545E-01
    1.547	9.522E-01
    1.548	9.532E-01
    1.549	9.533E-01
    1.550	9.536E-01
    1.551	9.507E-01
    1.552	9.501E-01
    1.553	9.491E-01
    1.554	9.502E-01
    1.555	9.494E-01
    1.556	9.484E-01
    1.557	9.472E-01
    1.558	9.466E-01
    1.559	9.467E-01
    1.560	9.459E-01
    1.561	9.460E-01
    1.562	9.446E-01
    1.563	9.452E-01
    1.564	9.445E-01
    1.565	9.451E-01
    1.566	9.452E-01
    1.567	9.444E-01
    1.568	9.447E-01
    1.569	9.454E-01
    1.570	9.463E-01
    1.571	9.479E-01
    1.572	9.499E-01
    1.573	9.525E-01
    1.574	9.541E-01
    1.575	9.537E-01
    1.576	9.552E-01
    1.577	9.565E-01
    1.578	9.586E-01
    1.579	9.607E-01
    1.580	9.637E-01
    1.581	9.663E-01
    1.582	9.679E-01
    1.583	9.698E-01
    1.584	9.726E-01
    1.585	9.755E-01
    1.586	9.753E-01
    1.587	9.766E-01
    1.588	9.765E-01
    1.589	9.799E-01
    1.590	9.807E-01
    1.591	9.830E-01
    1.592	9.831E-01
    1.593	9.839E-01
    1.594	9.835E-01
    1.595	9.825E-01
    1.596	9.835E-01
    1.597	9.838E-01
    1.598	9.849E-01
    1.599	9.826E-01
    1.600	9.834E-01
    1.601	9.822E-01
    1.602	9.828E-01
    1.603	9.805E-01
    1.604	9.824E-01
    1.605	9.835E-01
    1.606	9.845E-01
    1.607	9.821E-01
    1.608	9.813E-01
    1.609	9.815E-01
    1.610	9.826E-01
    1.611	9.828E-01
    1.612	9.817E-01
    1.613	9.821E-01
    1.614	9.827E-01
    1.615	9.836E-01
    1.616	9.843E-01
    1.617	9.847E-01
    1.618	9.830E-01
    1.619	9.820E-01
    1.620	9.792E-01
    1.621	9.806E-01
    1.622	9.789E-01
    1.623	9.801E-01
    1.624	9.792E-01
    1.625	9.794E-01
    1.626	9.780E-01
    1.627	9.786E-01
    1.628	9.781E-01
    1.629	9.778E-01
    1.630	9.759E-01
    1.631	9.758E-01
    1.632	9.770E-01
    1.633	9.771E-01
    1.634	9.773E-01
    1.635	9.772E-01
    1.636	9.774E-01
    1.637	9.773E-01
    1.638	9.763E-01
    1.639	9.763E-01
    1.640	9.756E-01
    1.641	9.756E-01
    1.642	9.740E-01
    1.643	9.743E-01
    1.644	9.709E-01
    1.645	9.718E-01
    1.646	9.706E-01
    1.647	9.728E-01
    1.648	9.710E-01
    1.649	9.718E-01
    1.650	9.717E-01
    1.651	9.733E-01
    1.652	9.753E-01
    1.653	9.776E-01
    1.654	9.794E-01
    1.655	9.778E-01
    1.656	9.759E-01
    1.657	9.723E-01
    1.658	9.669E-01
    1.659	9.553E-01
    1.660	9.396E-01
    1.661	9.161E-01
    1.662	8.875E-01
    1.663	8.474E-01
    1.664	8.013E-01
    1.665	7.474E-01
    1.666	6.906E-01
    1.667	6.317E-01
    1.668	5.706E-01
    1.669	5.087E-01
    1.670	4.481E-01
    1.671	3.907E-01
    1.672	3.391E-01
    1.673	2.909E-01
    1.674	2.492E-01
    1.675	2.137E-01
    1.676	1.845E-01
    1.677	1.610E-01
    1.678	1.406E-01
    1.679	1.234E-01
    1.680	1.078E-01
    1.681	9.497E-02
    1.682	8.371E-02
    1.683	7.445E-02
    1.684	6.611E-02
    1.685	5.856E-02
    1.686	5.098E-02
    1.687	4.365E-02
    1.688	3.697E-02
    1.689	3.113E-02
    1.690	2.617E-02
    1.691	2.206E-02
    1.692	1.855E-02
    1.693	1.563E-02
    1.694	1.315E-02
    1.695	1.111E-02
    1.696	9.388E-03
    1.697	7.947E-03
    1.698	6.762E-03
    1.699	5.758E-03
    1.700	4.928E-03
    1.701	4.226E-03
    1.702	3.634E-03
    1.703	3.132E-03
    1.704	2.707E-03
    1.705	2.346E-03
    1.706	2.039E-03
    1.707	1.781E-03
    1.708	1.557E-03
    1.709	1.365E-03
    1.710	1.199E-03
    1.711	1.054E-03
    1.712	9.296E-04
    1.713	8.208E-04
    1.714	7.291E-04
    1.715	6.479E-04
    1.716	5.784E-04
    1.717	5.156E-04
    1.718	4.615E-04
    1.719	4.140E-04
    1.720	3.731E-04
    1.721	3.360E-04
    1.722	3.030E-04
    1.723	2.744E-04
    1.724	2.482E-04
    1.725	2.259E-04
    1.726	2.046E-04
    1.727	1.870E-04
    1.728	1.697E-04
    1.729	1.554E-04
    1.730	1.420E-04
    1.731	1.299E-04
    1.732	1.200E-04
    1.733	1.092E-04
    1.734	1.005E-04
    1.735	9.178E-05
    1.736	8.477E-05
    1.737	7.881E-05
    1.738	7.353E-05
    1.739	6.872E-05
    1.740	6.353E-05
    1.741	5.840E-05
    1.742	5.411E-05
    1.743	5.050E-05
    1.744	4.658E-05
    1.745	4.341E-05
    1.746	4.009E-05
    1.747	3.769E-05
    1.748	3.571E-05
    1.749	3.417E-05
    1.750	3.213E-05
    1.751	3.013E-05
    1.752	2.812E-05
    1.753	2.651E-05
    1.754	2.489E-05
    1.755	2.336E-05
    1.756	2.241E-05
    1.757	2.226E-05
    1.758	2.188E-05
    1.759	1.989E-05
    1.760	1.885E-05
    1.761	1.696E-05
    1.762	1.662E-05
    1.763	1.570E-05
    1.764	1.622E-05
    1.765	1.670E-05
    1.766	1.547E-05
    1.767	1.452E-05
    1.768	1.248E-05
    1.769	1.328E-05
    1.770	1.217E-05
    1.771	1.283E-05
    1.772	1.140E-05
    1.773	1.166E-05
    1.774	1.152E-05
    1.775	1.041E-05
    1.776	1.043E-05
    1.777	1.083E-05
    1.778	1.199E-05
    1.779	1.267E-05
    1.780	1.144E-05
    1.781	1.137E-05
    1.782	1.023E-05
    1.783	1.172E-05
    1.784	1.079E-05
    1.785	1.162E-05
    1.786	9.684E-06
    1.787	9.905E-06
    1.788	9.484E-06
    1.789	1.092E-05
    1.790	1.107E-05
    1.791	9.880E-06
    1.792	9.593E-06
    1.793	9.130E-06
    1.794	1.031E-05
    1.795	9.773E-06
    1.796	8.871E-06
    1.797	8.341E-06
    1.798	7.720E-06
    1.799	8.088E-06
    1.800	7.246E-06
    1.801	8.956E-06
    1.802	9.286E-06
    1.803	9.784E-06
    1.804	7.404E-06
    1.805	7.225E-06
    1.806	8.181E-06
    1.807	9.790E-06
    1.808	1.091E-05
    1.809	1.031E-05
    1.810	1.000E-05
    1.811	1.083E-05
    1.812	1.035E-05
    1.813	1.040E-05
    1.814	9.197E-06
    1.815	9.985E-06
    1.816	9.763E-06
    1.817	9.437E-06
    1.818	9.181E-06
    1.819	9.949E-06
    1.820	9.416E-06
    1.821	9.661E-06
    1.822	9.289E-06
    1.823	1.096E-05
    1.824	1.062E-05
    1.825	1.144E-05
    1.826	1.017E-05
    1.827	1.018E-05
    1.828	9.534E-06
    1.829	1.065E-05
    1.830	1.130E-05
    1.831	1.050E-05
    1.832	9.171E-06
    1.833	8.407E-06
    1.834	9.453E-06
    1.835	1.030E-05
    1.836	1.027E-05
    1.837	9.030E-06
    1.838	9.136E-06
    1.839	9.332E-06
    1.840	1.082E-05
    1.841	9.858E-06
    1.842	9.813E-06
    1.843	9.500E-06
    1.844	1.001E-05
    1.845	8.645E-06
    1.846	8.048E-06
    1.847	9.562E-06
    1.848	1.063E-05
    1.849	1.198E-05
    1.850	1.056E-05
    1.851	1.005E-05
    1.852	8.458E-06
    1.853	7.804E-06
    1.854	9.140E-06
    1.855	1.077E-05
    1.856	1.123E-05
    1.857	1.052E-05
    1.858	9.399E-06
    1.859	9.423E-06
    1.860	9.871E-06
    1.861	9.531E-06
    1.862	8.831E-06
    1.863	9.334E-06
    1.864	1.054E-05
    1.865	1.143E-05
    1.866	1.114E-05
    1.867	1.109E-05
    1.868	1.176E-05
    1.869	1.198E-05
    1.870	1.145E-05
    1.871	1.024E-05
    1.872	7.826E-06
    1.873	5.622E-06
    1.874	5.644E-06
    1.875	7.431E-06
    1.876	1.055E-05
    1.877	1.199E-05
    1.878	1.356E-05
    1.879	1.288E-05
    1.880	1.200E-05
    1.881	1.093E-05
    1.882	1.037E-05
    1.883	9.739E-06
    1.884	1.145E-05
    1.885	1.157E-05
    1.886	1.423E-05
    1.887	1.247E-05
    1.888	1.259E-05
    1.889	1.077E-05
    1.890	1.051E-05
    1.891	1.118E-05
    1.892	1.120E-05
    1.893	1.109E-05
    1.894	1.111E-05
    1.895	1.201E-05
    1.896	1.061E-05
    1.897	1.073E-05
    1.898	9.310E-06
    1.899	1.087E-05
    1.900	8.915E-06
    1.901	9.603E-06
    1.902	1.106E-05
    1.903	1.207E-05
    1.904	1.172E-05
    1.905	1.032E-05
    1.906	1.081E-05
    1.907	1.165E-05
    1.908	1.048E-05
    1.909	1.106E-05
    1.910	1.057E-05
    1.911	1.178E-05
    1.912	1.144E-05
    1.913	1.055E-05
